0.781113053191 0.971643417169
0.890520882265 0.17167820345
0.854710548815 0.252097928837
0.994712965936 0.390296384867
0.273716658489 0.476038354842
0.613136877371 0.193077469433
0.244408149366 0.228390022553
0.992443124218 0.00929922562734
0.441238812842 0.174554038361
0.0125797767241 0.614889702137
0.820737330748 0.0154076336867
0.843202176471 0.786806846473
0.239561899432 0.935800676806
0.200727963975 0.658448733872
0.161168278418 0.965780863904
0.686149262088 0.252824738603
0.494505966595 0.917109281685
0.107179114341 0.236139170806
0.978716640855 0.955860479012
0.646079160756 0.478011137807
0.309685251605 0.520103246583
0.399541266449 0.678780466819
0.793149447668 0.754117283362
0.461048091128 0.0559940441327
0.159515518825 0.862883687581
0.504388285825 0.522131974745
0.346650218967 0.458546466674
0.325221175124 0.364637704146
0.836163442963 0.467237756598
0.329651539165 0.949441633011
0.581106205645 0.0789822075716
0.728665652122 0.86671364945
0.671296913765 0.0676707966646
0.951278331884 0.325104940205
0.620495726141 0.302803926161
0.304296160181 0.87989091171
0.488424349242 0.00596275636199
0.788498523385 0.498358223302
0.356649027494 0.606166504156
0.350610628466 0.0303151310726
0.57144633588 0.77322057914
0.798901779527 0.35015818191
0.653095949474 0.936085698106
0.374706898678 0.21273394521
0.143280087146 0.460889014446
0.0614746456127 0.188339156529
0.558858271984 0.147850615058
0.951744227218 0.752672955368
0.908227759837 0.357679167146
0.698784241327 0.199072225018
0.425047664475 0.378801615521
0.595334226748 0.262736547875
0.369548163549 0.087222919253
0.0599754399877 0.724497934981
0.0296017284495 0.962401293931
0.560086701507 0.855725610196
0.189528667997 0.0468994222937
0.538533930106 0.0174625110155
0.884157594421 0.625674254248
0.149676945719 0.771922562548
0.485198884494 0.589390066204
0.276158619158 0.655264432414
0.942657540647 0.126466058485
0.846669421885 0.842771477556
