0.014366036034 0.120050465772
0.0921452348272 0.236573032806
0.999094352716 0.350488832869
0.0480415902748 0.479299023605
0.10022047916 0.605664103297
0.125038900885 0.736330083112
0.0812729548801 0.867283303404
0.0575518305201 0.996302852069
0.135474670864 0.107734833258
0.211846491854 0.205885860835
0.120748981545 0.354961765108
0.175705581777 0.48850791476
0.235026675807 0.596507772285
0.245169458055 0.718000645913
0.221251562604 0.840912164912
0.1767767353 0.955847496871
0.26488607734 0.0910132024271
0.343203073999 0.191542517813
0.257364999819 0.316799095177
0.293054323126 0.441583040763
0.357300663121 0.547247234794
0.362091363285 0.675182415264
0.341927533444 0.812294735315
0.29681283144 0.967333357361
0.381706163854 0.0518212651633
0.458727595883 0.154057788249
0.401452228768 0.303328312973
0.421761652716 0.44428074387
0.475055285482 0.574451680471
0.534099775336 0.685145668699
0.463060339238 0.789463350757
0.415782050011 0.926510343893
0.504035554943 0.0181958221985
0.591159671941 0.117924812814
0.515350002405 0.260493346651
0.540941903138 0.377612552319
0.570833909495 0.499073372088
0.645232332211 0.637271987828
0.615464481216 0.774654043483
0.545027736601 0.884237187823
0.669852684888 0.0220091102375
0.704074467499 0.181028496067
0.634909769893 0.282710439454
0.658870748739 0.410915276351
0.71068511823 0.534617575138
0.770757493657 0.661352878921
0.737850283989 0.778680823264
0.725107410797 0.898448656233
0.775349449244 0.0786842067805
0.825718855593 0.204029942828
0.751759629929 0.309806451437
0.788206406172 0.435663435957
0.830831227826 0.549588600463
0.888870133911 0.69868664113
0.859160380962 0.843730101879
0.831943412595 0.968655844002
0.910469477891 0.0593425517493
0.968642576315 0.234612175012
0.876287155952 0.314983216401
0.929297058234 0.453687328576
0.953170494973 0.580119635785
0.00849634635225 0.687806145669
0.974220827363 0.80776303833
0.945434716572 0.929672293183
