0.953025945041 0.163672665447
0.133850785024 0.326903107625
0.0798452424446 0.481830461394
0.0586440606482 0.383336498795
0.117621580386 0.566732141729
0.0808927680417 0.689837473735
0.139208791127 0.97046355561
0.97548177461 0.0734183390481
0.227582622287 0.0607677153937
0.117132414876 0.235042151775
0.280881307057 0.276974698121
0.348168722933 0.592998723377
0.213839036492 0.375382582606
0.203366006322 0.617420090414
0.119972777135 0.795656561513
0.0451455810979 0.97286811755
0.324129873571 0.0878860808306
0.22573570419 0.158569131255
0.336508400493 0.364071437258
0.374681390731 0.274896944314
0.230897844115 0.725143731469
0.226386041698 0.849880016102
0.313204239701 0.996966900795
0.415476784705 0.963465135368
0.453705294018 0.059742171186
0.553553493352 0.300753270618
0.523858978909 0.405250167359
0.330556477909 0.495423375928
0.422915904767 0.660859492353
0.34443998679 0.780443861978
0.332384297341 0.880438251396
0.502498133212 0.92382822894
0.435935846069 0.203327946623
0.615222081457 0.0945639164158
0.589612993554 0.212633065181
0.662329629747 0.378376497351
0.598893789233 0.499317590332
0.54372246379 0.597332121287
0.601472237911 0.725867272726
0.479693785922 0.807407648483
0.715621988682 0.0249384872777
0.818834951922 0.110642186422
0.701467412807 0.156876141943
0.755107243811 0.351164464513
0.722699884037 0.514927848862
0.664948837941 0.592076901878
0.694128027735 0.825644624427
0.623398648714 0.941705210884
0.794631822296 0.958191230325
0.85557370995 0.219469582989
0.940004305683 0.374176276151
0.737647679841 0.255392179929
0.83037631715 0.5398854297
0.725197601652 0.739361013592
0.8989627032 0.78869075287
0.805554584372 0.829165963338
0.88681551998 0.0485195527141
0.952196973601 0.272540909172
0.928098564453 0.495040154925
0.80905351043 0.449790145198
0.957733337331 0.608535748582
0.987638837712 0.721519139191
0.867726978041 0.900490814064
0.963770322492 0.925746492791
