2.22617837923 5.48760792625 -1.91328099475 2.22617837923 5.48760792625 -1.91328099475
-0.194869264918 -0.227407907687 0.285788307212 0.241675848194 -0.394488355448 -0.134625544381
1.88362789318 -1.33497681456 1.96742502599 1.88362789318 -1.33497681456 1.96742502599
0.999440775429 -0.00978004613775 0.488839167832 0.999440775429 -0.00978004613775 0.488839167832
0.821047745562 -1.08435345391 -0.967997470071 0.0183303306992 -1.06396055526 -0.877833981971
1.24632572593 -1.37895407565 2.21766930189 1.24632572593 -1.37895407565 2.21766930189
-0.264835187666 0.136377462943 2.01090668082 -0.264835187666 0.136377462943 2.01090668082
0.494091703916 -0.690376242682 0.168208025566 0.58156971905 -0.0970480958363 0.725810742093
-0.991211479041 -1.96743446939 1.3119883974 -0.991211479041 -1.96743446939 1.3119883974
-1.81060391553 -0.930069598472 0.366717509186 -1.37840404732 -1.29334405367 0.689500209909
-3.3952292488 0.336829449564 -1.71376540502 -3.75390825755 0.693573253659 -1.51995403093
0.697591051502 3.28260780293 -2.04677301732 0.37836981486 2.9915331401 -1.92173933393
-1.63772146335 -1.59540504943 -4.0670405942 -1.63772146335 -1.59540504943 -4.0670405942
-0.335298914024 -1.1690955266 0.376831996494 -0.861390131115 -0.738821838479 -0.123573630151
0.406314144926 -0.926363052191 1.20544239449 -0.263233481629 -1.09075978333 1.02198347048
1.14822600846 0.728346342028 0.380231248632 0.463888551659 0.527561497852 0.281926686664
0.628509169283 -0.293691819632 -0.410368859391 0.922442391013 0.00221757132921 -0.123114058507
0.290101566909 0.268826620798 -0.984417341541 0.693851714109 0.645425251698 -0.499737942029
3.02330348655 0.459544718885 -1.33978463877 3.02330348655 0.459544718885 -1.33978463877
0.79457606638 0.610854180363 0.435481117932 0.401610899081 0.54431598647 0.639060952338
-0.723117023321 -0.390481060831 1.37624377899 -0.723117023321 -0.390481060831 1.37624377899
2.0442552379 -0.0291090769644 2.40515048268 2.0442552379 -0.0291090769644 2.40515048268
0.428312708121 -0.870768444166 -0.847809773306 0.260177234621 -0.0429541538151 -0.328627957166
1.50210973697 -0.287153658889 2.638910842 1.50210973697 -0.287153658889 2.638910842
1.23453083067 2.28550525667 4.28418570934 1.23453083067 2.28550525667 4.28418570934
0.706691421459 1.71650079065 -4.93167689824 0.706691421459 1.71650079065 -4.93167689824
-1.8514868304 -2.22891696051 1.52155019688 -1.8514868304 -2.22891696051 1.52155019688
-1.30887760227 -1.39237070049 -0.00276569182891 -1.30887760227 -1.39237070049 -0.00276569182891
0.163174645164 0.413297103709 0.552030968689 -0.0439645788852 0.404478758817 0.568488994567
-0.89372899573 -3.32863065008 -4.01482611677 -0.89372899573 -3.32863065008 -4.01482611677
-0.789592022295 0.579502014272 0.143698903311 -0.789592022295 0.579502014272 0.143698903311
1.86194714139 1.87593877717 1.92989195683 1.86194714139 1.87593877717 1.92989195683
0.985054854876 -1.86194420655 3.97054807532 0.985054854876 -1.86194420655 3.97054807532
-0.185517280084 0.315574059282 -0.73045164229 0.368538666361 0.362119509417 -0.968130842087
-1.22868965352 2.29206169232 2.64228126219 -1.22868965352 2.29206169232 2.64228126219
-1.17779140545 1.7718834142 0.541514265421 -1.17779140545 1.7718834142 0.541514265421
-4.77640040031 -3.09082945623 1.24730537185 -4.77640040031 -3.09082945623 1.24730537185
-0.000322006250023 0.249104820782 0.754634732943 -0.110467983811 0.632564674363 0.299736941063
-2.26904562678 -2.60452837316 0.98523043746 -2.06936771355 -2.33185036267 0.690263087143
-4.64006498092 -1.87550967963 -1.6740472839 -4.64006498092 -1.87550967963 -1.6740472839
-0.546230230777 -4.02242687523 -1.43145809555 -0.546230230777 -4.02242687523 -1.43145809555
0.802687498151 3.37129004901 -4.62114911973 0.802687498151 3.37129004901 -4.62114911973
4.98303922553 1.52550667128 2.61058781072 4.98303922553 1.52550667128 2.61058781072
2.55974949105 -3.31968264321 -1.28253117112 2.55974949105 -3.31968264321 -1.28253117112
-3.38686901898 1.97171486431 0.101860208847 -3.38686901898 1.97171486431 0.101860208847
6.20886525682 0.513407382748 0.449072822292 6.20886525682 0.513407382748 0.449072822292
-0.301797427847 -0.819628774063 -0.332663408016 0.0740575555132 -0.865531730013 0.0791591258922
3.46115673631 1.12358590552 -1.80710498239 3.11755642455 1.08658627115 -2.06616006472
-0.19728340833 -0.809186664238 -0.737616883712 -0.146404804103 -0.992885017336 -1.49539103845
2.35940397202 -2.15157981654 0.33037227868 3.07872434603 -2.15121850329 0.694012721528
0.371543232476 0.471846242442 0.977527031025 0.326190325245 0.548484786811 1.06140670875
3.24887079796 2.28519066385 3.03168867781 3.24887079796 2.28519066385 3.03168867781
1.09386869366 1.0884162952 0.7458089931 1.14822600846 0.728346342028 0.380231248632
1.41700770357 -6.80760813588 1.58564387739 1.41700770357 -6.80760813588 1.58564387739
2.40406556037 5.14948405357 1.78863776088 2.40406556037 5.14948405357 1.78863776088
2.12164053487 4.72097255598 -3.25186195558 2.12164053487 4.72097255598 -3.25186195558
-2.57733490003 -0.740035498219 -4.10288595651 -2.57733490003 -0.740035498219 -4.10288595651
3.58582173058 -3.2023206926 -0.851477428723 3.58582173058 -3.2023206926 -0.851477428723
-1.58301102638 0.214368860353 -1.18768393284 -1.58301102638 0.214368860353 -1.18768393284
-0.261547348926 3.00848589445 -1.55121954783 0.234698485473 3.06822161493 -1.49446332759
-0.124361920014 -0.439266720905 0.107819201481 -0.550635107997 -0.484484010455 0.105796406006
0.610341533321 -2.55912238411 3.45036573268 0.610341533321 -2.55912238411 3.45036573268
6.92772009226 5.58850511281 -2.93113553647 6.92772009226 5.58850511281 -2.93113553647
0.0162298702632 0.945106917219 0.729924172663 -0.323682380786 1.36298385505 0.614333930835
-5.22034649698 0.141132161815 0.228155650839 -5.22034649698 0.141132161815 0.228155650839
-0.386080433504 2.64203199847 -3.06047294269 -0.386080433504 2.64203199847 -3.06047294269
1.30100466886 -2.03636895171 2.17532551074 1.30100466886 -2.03636895171 2.17532551074
-0.348712112336 -1.08763412905 -1.18383896915 -0.165534257753 -0.527599444964 -0.497191846718
-0.227080143681 -2.12315914902 0.00476972057633 -0.227080143681 -2.12315914902 0.00476972057633
-1.7938041128 -0.767450264554 0.387771216549 -1.81060391553 -0.930069598472 0.366717509186
-0.0510836828908 0.457644884341 -2.09497599938 -0.0510836828908 0.457644884341 -2.09497599938
-0.321388702454 -1.78866920893 -1.3345676913 -0.321388702454 -1.78866920893 -1.3345676913
1.54894276812 0.676278300006 -2.55141989358 1.54894276812 0.676278300006 -2.55141989358
-2.01489057438 -2.00431192683 -5.41976353357 -2.01489057438 -2.00431192683 -5.41976353357
-0.261863362187 2.72653760575 4.12979614509 -0.261863362187 2.72653760575 4.12979614509
1.56354194262 2.88901380434 -0.97435263397 1.56354194262 2.88901380434 -0.97435263397
-1.29840625181 2.36851700012 -1.03456802717 -1.29840625181 2.36851700012 -1.03456802717
-0.593559147767 0.707342390855 0.748667899633 -0.486424189761 0.485203781319 0.847686556197
-0.0873937009557 2.10830737263 -0.205839756567 -0.0873937009557 2.10830737263 -0.205839756567
-0.636548660432 0.533808349502 0.27793472975 -0.684324966775 0.443814247283 0.646179757017
-3.99710060568 2.44299585109 0.834415963561 -3.99710060568 2.44299585109 0.834415963561
0.00440851673628 -1.77162163506 2.82722380486 0.00440851673628 -1.77162163506 2.82722380486
-0.0199385648698 0.881303674577 -0.727818999901 0.0825718730599 0.65938296798 -0.0887876964996
-0.0181943532759 3.42023721684 1.1535566497 -0.0181943532759 3.42023721684 1.1535566497
-1.99366122194 1.38564974718 0.960618834168 -1.99366122194 1.38564974718 0.960618834168
-2.25545565698 -2.44555585656 0.9342937486 -2.26904562678 -2.60452837316 0.98523043746
-0.172894368302 -1.68860007106 0.279130109181 -0.543244602004 -1.21632329235 0.207741586545
-2.63044274711 3.08047190939 -0.313766204216 -2.40482445981 2.93803751732 -0.0429195647943
0.601897959135 0.163300337374 -0.60920611707 0.450725880064 -0.541223725509 -0.440912519575
-0.0439645788852 0.404478758817 0.568488994567 -0.593559147767 0.707342390855 0.748667899633
-1.27432385273 0.624619668457 -2.77190555149 -1.27432385273 0.624619668457 -2.77190555149
-0.689301498819 -0.819508680407 0.0937211403275 -0.636548660432 0.533808349502 0.27793472975
-0.967317752903 0.248255475181 -0.577150631218 -0.605220192118 0.381425124289 -0.48385538424
0.574019546847 0.0243370242987 -0.727942220706 0.601897959135 0.163300337374 -0.60920611707
-1.1923341934 0.159582082711 0.662289697436 -1.28914941589 0.027482171491 0.234831384083
0.910447971783 2.72368703291 1.1589722015 0.910447971783 2.72368703291 1.1589722015
1.0741478467 -1.13979687852 -0.677569957325 0.821047745562 -1.08435345391 -0.967997470071
-2.61347576535 0.372530455787 4.31051379505 -2.61347576535 0.372530455787 4.31051379505
0.231319878402 0.615614719938 1.58894114688 0.322785082222 0.608748694123 0.803323921093
0.240688341659 0.327756693963 -0.70706198816 0.0295504163472 0.190652810926 -0.627964896771
2.26247113263 2.29125601288 -0.440368723818 2.26247113263 2.29125601288 -0.440368723818
1.2528310287 3.26553160309 -1.15438726545 1.2528310287 3.26553160309 -1.15438726545
1.12970587168 -0.349437904601 0.572577878029 0.613695299014 -0.238985269779 0.159350107585
2.08448351558 3.33483761007 -0.407987959322 2.08448351558 3.33483761007 -0.407987959322
0.189347388011 4.23939845233 -5.48714708543 0.189347388011 4.23939845233 -5.48714708543
-0.801634747572 -0.00832732378485 0.679173378722 -0.799216732646 -0.547561874339 0.669221142633
0.119933523676 0.339513155121 -3.41422388125 0.119933523676 0.339513155121 -3.41422388125
-2.35156081875 0.980358246568 -2.16731290884 -2.35156081875 0.980358246568 -2.16731290884
0.258738568955 2.08767779352 3.35806255587 0.258738568955 2.08767779352 3.35806255587
-0.120272012677 -2.96399824732 -3.38885408639 0.467869369047 -3.12185520506 -3.415393253
-1.02883761887 -1.37414999399 -2.12922529927 -1.02883761887 -1.37414999399 -2.12922529927
1.28384947412 0.611991497058 0.785957662269 1.28384947412 0.611991497058 0.785957662269
1.56332734781 -2.19915199056 0.801678506206 1.56332734781 -2.19915199056 0.801678506206
2.76202678212 1.55645605958 -1.08036267024 2.76202678212 1.55645605958 -1.08036267024
-2.12753578757 0.10576337441 -5.43915259577 -2.12753578757 0.10576337441 -5.43915259577
1.19873658107 1.16877027845 -2.22421179961 1.19873658107 1.16877027845 -2.22421179961
-4.22863576231 0.568638981558 1.13678410086 -4.22863576231 0.568638981558 1.13678410086
-1.45233484436 1.64716385874 -4.58315961099 -1.45233484436 1.64716385874 -4.58315961099
-0.345078779957 -4.39193720683 -2.75956129174 -0.345078779957 -4.39193720683 -2.75956129174
-0.667463695591 2.46198877464 -0.85008140865 -0.667463695591 2.46198877464 -0.85008140865
0.425504253263 1.28193563344 -1.27198856546 0.425504253263 1.28193563344 -1.27198856546
-0.519919578385 -0.52517695315 0.252056202578 -0.172894368302 -1.68860007106 0.279130109181
2.77937112288 0.779884353606 -2.05650649982 2.77937112288 0.779884353606 -2.05650649982
-2.32001723964 0.627466905306 -2.99370780106 -2.32001723964 0.627466905306 -2.99370780106
-2.22594860253 2.00786003315 0.0772067921024 -2.22594860253 2.00786003315 0.0772067921024
-0.240622066218 -2.13033309484 -0.262501503104 -0.240622066218 -2.13033309484 -0.262501503104
3.23412120241 4.72518492729 -0.114846941789 3.23412120241 4.72518492729 -0.114846941789
1.44660018471 -1.41137160274 0.956290954193 1.44660018471 -1.41137160274 0.956290954193
5.66958916123 -2.2254825234 -4.58177090831 5.66958916123 -2.2254825234 -4.58177090831
-0.799216732646 -0.547561874339 0.669221142633 -0.124361920014 -0.439266720905 0.107819201481
0.0485712893993 0.749662583156 0.291505537267 -0.185517280084 0.315574059282 -0.73045164229
0.674315296775 0.151943442486 1.23074170894 0.915045932034 0.275418953572 1.12366463815
0.593563580298 -1.0897638971 -1.70394714711 0.811209851948 -0.512201881958 -1.40633823979
0.322785082222 0.608748694123 0.803323921093 0.727997166933 0.15247939743 0.652684203483
0.922442391013 0.00221757132921 -0.123114058507 0.690885353768 -0.154343933615 -0.0822617153319
-2.5284547462 -2.18735422277 3.50323532672 -2.5284547462 -2.18735422277 3.50323532672
-2.77823800957 -1.856191132 0.798049367837 -2.77823800957 -1.856191132 0.798049367837
-0.30281356695 -0.302952374149 -0.593045281773 -0.182541257902 -0.265768614609 -0.913246121395
3.93809067871 -3.19067461629 -0.573543776434 3.93809067871 -3.19067461629 -0.573543776434
-1.49272711989 1.58938884187 1.10387176474 -1.03048900579 1.80867492098 1.29369221407
0.019592044629 -0.695752335973 -0.239104928977 0.019592044629 -0.695752335973 -0.239104928977
-2.40482445981 2.93803751732 -0.0429195647943 -2.63044274711 3.08047190939 -0.313766204216
-2.31968330014 -3.88017406909 2.49843430753 -2.31968330014 -3.88017406909 2.49843430753
1.29210096974 -0.993459659037 2.05070668328 1.29210096974 -0.993459659037 2.05070668328
-0.110467983811 0.632564674363 0.299736941063 0.631459643091 0.815231042359 0.173674914067
0.770577209901 -4.04720825179 -0.0881438561682 0.645693122549 -3.99830697071 -0.33718522278
0.355246243417 -0.111154777344 0.21050316658 1.12970587168 -0.349437904601 0.572577878029
0.610401229113 -0.450593899469 -1.40907165864 0.468640579503 -0.413328367067 -1.36611693918
-0.657289298577 -1.08330673085 -1.74780551486 -0.348712112336 -1.08763412905 -1.18383896915
2.84324013215 -1.77059663065 2.66815180921 2.84324013215 -1.77059663065 2.66815180921
-0.631284079907 -2.6367233441 1.15816257833 -0.631284079907 -2.6367233441 1.15816257833
0.389320817263 0.0228561018613 -1.04276718182 0.551723891038 0.133476839526 -1.16070375801
-4.55671805024 -0.244758727879 -0.636346280433 -4.55671805024 -0.244758727879 -0.636346280433
-3.70227513259 0.760558473621 0.924954002237 -3.70227513259 0.760558473621 0.924954002237
-1.5180358277 -3.55356313238 -0.551226804031 -1.5180358277 -3.55356313238 -0.551226804031
-2.66582961442 -0.139970686925 -0.185978284925 -2.73596394077 -0.372279089487 0.00308390829241
0.942708784199 0.870902698417 -0.222649530859 0.942708784199 0.870902698417 -0.222649530859
2.07398090686 -0.223938789487 -2.55702988021 2.07398090686 -0.223938789487 -2.55702988021
3.25286289211 -1.71956058935 0.00433373626921 3.25286289211 -1.71956058935 0.00433373626921
-1.19082230129 3.65991122941 0.65013065319 -1.19082230129 3.65991122941 0.65013065319
0.690885353768 -0.154343933615 -0.0822617153319 0.479281011256 -0.884586710019 -1.30074431677
2.81037231774 -0.765156270642 0.527758314463 2.81037231774 -0.765156270642 0.527758314463
-4.04808018316 0.709766277763 -0.450405673548 -4.04808018316 0.709766277763 -0.450405673548
-2.95295500619 3.18037295959 0.761466933826 -2.95295500619 3.18037295959 0.761466933826
0.197322586607 3.40820037609 3.93452282605 0.197322586607 3.40820037609 3.93452282605
-3.99755394873 -0.0208354950147 -5.26148921482 -3.99755394873 -0.0208354950147 -5.26148921482
0.436087286267 3.30343909543 1.33579189874 0.436087286267 3.30343909543 1.33579189874
0.442630573879 2.03058421717 -0.249797779696 0.442630573879 2.03058421717 -0.249797779696
-1.33094319954 -1.98835575743 -2.92495448874 -1.33094319954 -1.98835575743 -2.92495448874
-1.15152871191 1.72211577068 -0.364200660085 -1.15152871191 1.72211577068 -0.364200660085
0.0739759298218 0.602566569545 -0.742187195247 -0.967317752903 0.248255475181 -0.577150631218
-3.50036632356 -0.14100895699 -7.27054420755 -3.50036632356 -0.14100895699 -7.27054420755
-1.91059170742 -2.30122553575 1.68165989714 -1.91059170742 -2.30122553575 1.68165989714
-1.25441063701 0.0851271996681 -3.35092822709 -1.25441063701 0.0851271996681 -3.35092822709
0.368778687425 3.47876042307 0.324454726646 0.368778687425 3.47876042307 0.324454726646
-1.95046653687 -2.0243320416 0.721098285647 -1.95046653687 -2.0243320416 0.721098285647
-3.21057736719 0.76939295686 2.00494647727 -3.21057736719 0.76939295686 2.00494647727
-0.285063597085 -1.95305720554 -0.0123191234911 -0.285063597085 -1.95305720554 -0.0123191234911
3.75143975711 -8.5551142866 5.75250114609 3.75143975711 -8.5551142866 5.75250114609
-0.969909738878 -0.485043279962 0.251753148695 -1.07704895254 -0.504567953804 0.00478875337122
-0.914137298837 -1.10014639117 -0.56759955686 -0.914137298837 -1.10014639117 -0.56759955686
-0.0151109026315 -0.701129411636 2.17460719795 -0.0151109026315 -0.701129411636 2.17460719795
3.91973821889 5.3500417699 -0.804501851872 3.91973821889 5.3500417699 -0.804501851872
-3.5990340286 -1.00557874838 6.24742710592 -3.5990340286 -1.00557874838 6.24742710592
-0.832562098861 0.10833992856 0.621962106938 -1.11608105241 0.296110796109 0.656061625594
-0.805319813343 -0.807924016374 -1.02245004487 -0.805319813343 -0.807924016374 -1.02245004487
0.738926134489 -1.52777761501 3.91696772557 0.738926134489 -1.52777761501 3.91696772557
0.0183303306992 -1.06396055526 -0.877833981971 0.415903035006 -1.37828176785 -0.706291408298
0.706687943922 0.091192079834 -0.159703609548 1.03651917778 -0.0787995139437 -0.693932055464
2.58588592984 2.07252778051 -0.382870563907 2.58588592984 2.07252778051 -0.382870563907
2.43839628411 0.376918309618 -2.88284081369 2.43839628411 0.376918309618 -2.88284081369
4.09881961058 -1.06138365445 2.96459877256 4.09881961058 -1.06138365445 2.96459877256
1.94143231474 -2.67059270495 -0.51918139852 1.94143231474 -2.67059270495 -0.51918139852
-3.54722250142 -4.99982968657 0.892214331801 -3.54722250142 -4.99982968657 0.892214331801
3.56118271874 -0.169596527545 -1.26075459267 3.56118271874 -0.169596527545 -1.26075459267
-0.184667451866 0.386658823494 -0.121281279253 -0.259361040399 0.716212094595 -0.0083953549452
3.82367760974 -0.262873824539 2.86128002472 3.82367760974 -0.262873824539 2.86128002472
0.781019906709 3.46900796493 -2.3170522473 0.781019906709 3.46900796493 -2.3170522473
-0.182541257902 -0.265768614609 -0.913246121395 0.574019546847 0.0243370242987 -0.727942220706
-1.21063543676 -2.8076742729 -0.187267132952 -1.21063543676 -2.8076742729 -0.187267132952
-3.42562869144 2.6997570969 0.670340577416 -3.42562869144 2.6997570969 0.670340577416
-3.6032952801 2.64656094959 1.33540073112 -3.6032952801 2.64656094959 1.33540073112
-2.03908184302 0.698299916725 -0.38957795245 -2.03908184302 0.698299916725 -0.38957795245
-4.21901643825 0.295457027723 0.507530504494 -4.21901643825 0.295457027723 0.507530504494
-1.24111182303 0.94726899261 -1.52595462692 -1.24111182303 0.94726899261 -1.52595462692
0.505334860777 -2.73918243969 2.13121879584 0.505334860777 -2.73918243969 2.13121879584
-2.05285668298 4.46395193129 0.169375527279 -2.05285668298 4.46395193129 0.169375527279
-2.23951239305 -1.57102484967 0.507097902138 -2.23951239305 -1.57102484967 0.507097902138
-0.927215051098 -0.810665092439 -1.00554662385 -0.927215051098 -0.810665092439 -1.00554662385
-0.468200295429 -1.58976828331 -6.03785668227 -0.468200295429 -1.58976828331 -6.03785668227
-0.818557246133 2.69369837506 1.5029042293 -0.818557246133 2.69369837506 1.5029042293
-0.520677959947 0.569877905549 0.521789303339 -0.184667451866 0.386658823494 -0.121281279253
-1.83097238645 0.0541726359085 1.90563612836 -1.83097238645 0.0541726359085 1.90563612836
1.17175705665 0.315837456724 -5.13240834524 1.17175705665 0.315837456724 -5.13240834524
1.48154366221 0.879520660023 0.376090509993 1.09386869366 1.0884162952 0.7458089931
-4.30654872491 5.44475275044 0.627197019493 -4.30654872491 5.44475275044 0.627197019493
-0.861390131115 -0.738821838479 -0.123573630151 -0.969909738878 -0.485043279962 0.251753148695
-1.63613475148 -1.27369771903 -3.24314893231 -1.63613475148 -1.27369771903 -3.24314893231
1.30850987431 -0.231799694961 0.480238077855 1.02406447736 0.18461795933 0.883168228757
-0.141593700819 -0.428380575856 -0.733138058939 0.327331719968 -0.57217445351 -0.338324477644
1.65441483039 -2.05520357339 -0.383119961331 1.65441483039 -2.05520357339 -0.383119961331
4.12375288007 -2.62347545088 1.47611117313 4.28799265641 -2.62668590328 1.25292701784
0.282235472067 -2.66087755767 1.87653989008 0.282235472067 -2.66087755767 1.87653989008
2.83390597105 -4.30662051714 3.88135106851 2.83390597105 -4.30662051714 3.88135106851
-0.632341386268 0.312133822131 -1.45747037673 -0.632341386268 0.312133822131 -1.45747037673
-3.68845515671 1.85169611295 -2.21449264612 -3.68845515671 1.85169611295 -2.21449264612
-2.01020626862 -0.700267103353 -5.07106249207 -2.01020626862 -0.700267103353 -5.07106249207
-0.495961495907 1.05083587479 1.00815394759 -0.495961495907 1.05083587479 1.00815394759
3.15492231043 2.14714872877 -2.69099710799 3.15492231043 2.14714872877 -2.69099710799
1.72957357127 0.927864534907 -0.478534269351 1.85231631382 0.795715282574 -0.354387060194
-0.394208158111 2.32682108543 -3.22061508245 -0.394208158111 2.32682108543 -3.22061508245
-0.61170946044 0.138370288314 -1.01458472829 -0.320461263883 -0.359211483086 -1.10468213721
0.241675848194 -0.394488355448 -0.134625544381 0.518246779077 -0.565241711745 0.219853442214
-1.2914781413 2.67388269772 -1.0753520365 -1.2914781413 2.67388269772 -1.0753520365
1.0467901576 -0.32847890023 -0.214004886607 0.687595950842 0.480398561431 0.340053599176
0.566373167667 0.538205308538 0.423819034534 0.0485712893993 0.749662583156 0.291505537267
-0.486574924763 0.615948590395 0.342745210482 -0.144525404555 0.469346132303 0.170959750333
1.79270474401 1.23485241263 2.75240728805 1.79270474401 1.23485241263 2.75240728805
-5.16551831395 3.09161162957 -2.50288143359 -5.16551831395 3.09161162957 -2.50288143359
3.11755642455 1.08658627115 -2.06616006472 3.46115673631 1.12358590552 -1.80710498239
-0.323682380786 1.36298385505 0.614333930835 0.0162298702632 0.945106917219 0.729924172663
1.10793460213 0.08014424047 -2.48105233123 1.10793460213 0.08014424047 -2.48105233123
-0.144525404555 0.469346132303 0.170959750333 0.254950583742 1.41639900514 -0.675244868778
1.33598408732 1.74942937057 -1.65413224731 1.33598408732 1.74942937057 -1.65413224731
-1.15496825398 -1.42566540714 -2.40757208589 -1.15496825398 -1.42566540714 -2.40757208589
0.171191795743 -1.97977667586 -0.53216419645 0.171191795743 -1.97977667586 -0.53216419645
-0.165534257753 -0.527599444964 -0.497191846718 -0.19728340833 -0.809186664238 -0.737616883712
-3.9543448087 0.350071747872 4.98232706533 -3.9543448087 0.350071747872 4.98232706533
0.0740575555132 -0.865531730013 0.0791591258922 0.00927560805716 -0.66965544298 0.484785386176
-0.559179895611 -4.49435093965 -0.183073131381 -0.559179895611 -4.49435093965 -0.183073131381
0.197919746848 -5.06076488393 2.75288359146 0.197919746848 -5.06076488393 2.75288359146
-1.18992355139 -0.0416213629431 -2.02826706854 -1.18992355139 -0.0416213629431 -2.02826706854
1.13218686424 0.344010493401 0.973003993783 1.1938056966 0.27833844689 0.769022420335
-3.80432434866 5.46042203852 2.85279934802 -3.80432434866 5.46042203852 2.85279934802
-0.220643108019 5.18000735259 3.43559449086 -0.220643108019 5.18000735259 3.43559449086
-1.65818849233 0.124371818272 0.206374153153 -1.28158170623 0.384282976284 0.497189199129
5.60110949616 1.49281139636 -1.32491295886 5.60110949616 1.49281139636 -1.32491295886
3.25181048367 -5.88974700619 -2.42476998642 3.25181048367 -5.88974700619 -2.42476998642
3.17205482471 1.47462326004 -0.319655013204 3.17205482471 1.47462326004 -0.319655013204
0.258166765477 -0.9361596235 -0.579214338752 0.428312708121 -0.870768444166 -0.847809773306
0.725254922542 -4.51912446646 -4.80923612154 0.725254922542 -4.51912446646 -4.80923612154
1.99100509073 0.180638679976 -3.21960059446 1.99100509073 0.180638679976 -3.21960059446
1.54138929636 0.307241717283 0.186835219463 1.54138929636 0.307241717283 0.186835219463
0.631459643091 0.815231042359 0.173674914067 0.372564176386 0.324230991015 0.399807267525
-1.13250965975 -0.454750811184 2.67671991571 -1.46011428578 -0.547920133792 2.39318268092
-2.73596394077 -0.372279089487 0.00308390829241 -2.66582961442 -0.139970686925 -0.185978284925
0.966220676306 0.831358789051 -0.891672050197 0.966220676306 0.831358789051 -0.891672050197
-1.17897923438 -4.36232293599 0.154395305582 -1.17897923438 -4.36232293599 0.154395305582
-3.08885476795 -1.53167420073 -0.90022595429 -3.08885476795 -1.53167420073 -0.90022595429
2.53126060299 -3.15145136904 0.793958008188 2.53126060299 -3.15145136904 0.793958008188
0.468640579503 -0.413328367067 -1.36611693918 -0.141593700819 -0.428380575856 -0.733138058939
0.693851714109 0.645425251698 -0.499737942029 0.290101566909 0.268826620798 -0.984417341541
3.21280108831 -0.0290801565265 3.56080036472 3.21280108831 -0.0290801565265 3.56080036472
0.450725880064 -0.541223725509 -0.440912519575 0.468011684944 -0.208846580194 -0.642468046006
0.50706130356 0.645042038964 1.72880215738 0.50706130356 0.645042038964 1.72880215738
6.75768195935 2.82904357258 1.63176394953 6.75768195935 2.82904357258 1.63176394953
1.1938056966 0.27833844689 0.769022420335 1.48154366221 0.879520660023 0.376090509993
-0.918590510982 2.69512152729 -0.205025903899 -0.918590510982 2.69512152729 -0.205025903899
-3.10497164666 5.32314767655 0.575251914382 -3.10497164666 5.32314767655 0.575251914382
-3.31479584352 1.5221062599 -1.27123220748 -3.31479584352 1.5221062599 -1.27123220748
2.72529614889 -0.557600270032 1.73046875252 2.72529614889 -0.557600270032 1.73046875252
3.70420951253 -0.323551070089 -1.2507405549 3.70420951253 -0.323551070089 -1.2507405549
-3.9121228903 -2.49271174265 2.82238480014 -3.9121228903 -2.49271174265 2.82238480014
-0.486424189761 0.485203781319 0.847686556197 -0.589428449336 0.178317277702 1.32219138391
3.29929842119 -5.49424990365 -0.832760600639 3.29929842119 -5.49424990365 -0.832760600639
-2.16105902974 1.05431618006 -0.651274566968 -2.16105902974 1.05431618006 -0.651274566968
-0.400213987547 -2.30611523568 -0.702814254646 -0.440509746083 -2.07408946836 -0.553659900324
-1.01115302426 -1.76711772533 1.06023531601 -1.01115302426 -1.76711772533 1.06023531601
0.915045932034 0.275418953572 1.12366463815 1.13218686424 0.344010493401 0.973003993783
-0.246948777943 -3.45624025546 -1.69204292014 -0.246948777943 -3.45624025546 -1.69204292014
0.726617895984 -0.0854286821848 -1.50919090124 0.610401229113 -0.450593899469 -1.40907165864
-0.397586113552 -3.29920817396 -0.238140457626 -0.397586113552 -3.29920817396 -0.238140457626
-1.58513596024 -0.690852116472 -0.688377533148 -1.58513596024 -0.690852116472 -0.688377533148
0.613695299014 -0.238985269779 0.159350107585 0.638304295273 0.265319072725 0.823471109282
3.22594887606 -3.05032769374 -3.17203039568 3.22594887606 -3.05032769374 -3.17203039568
-1.39795470089 2.06629164963 0.985023250493 -1.39795470089 2.06629164963 0.985023250493
-1.50748679113 3.10329151011 1.66749216853 -1.50748679113 3.10329151011 1.66749216853
0.861725698173 -0.473241455134 0.071784800866 0.494091703916 -0.690376242682 0.168208025566
0.381650702465 0.720535661348 -7.9069513913 0.381650702465 0.720535661348 -7.9069513913
0.468011684944 -0.208846580194 -0.642468046006 0.258166765477 -0.9361596235 -0.579214338752
3.76716136413 -5.2685221077 3.55762490805 3.76716136413 -5.2685221077 3.55762490805
-0.790948763718 0.799896366691 0.897377016074 -0.790948763718 0.799896366691 0.897377016074
-2.79374043947 3.42617420934 -1.72392083412 -2.79374043947 3.42617420934 -1.72392083412
3.44800601944 -0.326080310646 -0.535249226321 3.44800601944 -0.326080310646 -0.535249226321
1.36832979514 0.522851562958 -7.30537147416 1.36832979514 0.522851562958 -7.30537147416
-1.08877462554 0.0345366609192 3.73470061798 -1.08877462554 0.0345366609192 3.73470061798
-0.343118683099 1.47010058654 3.85408581862 -0.343118683099 1.47010058654 3.85408581862
0.571481646174 2.87221502682 -0.498857000742 0.571481646174 2.87221502682 -0.498857000742
-2.97550782403 -1.68614678976 -2.02636149223 -2.97550782403 -1.68614678976 -2.02636149223
0.489967570258 -0.0916105981491 2.30164868728 0.7853634204 -0.150963556898 2.43458493996
-0.915113583379 -3.37352767711 0.412313678523 -0.915113583379 -3.37352767711 0.412313678523
-0.146404804103 -0.992885017336 -1.49539103845 -0.657289298577 -1.08330673085 -1.74780551486
0.463852592915 1.89744253542 0.151528350467 0.463852592915 1.89744253542 0.151528350467
-3.75390825755 0.693573253659 -1.51995403093 -3.3952292488 0.336829449564 -1.71376540502
-2.23050379563 3.16519212671 0.961002976435 -2.23050379563 3.16519212671 0.961002976435
0.479281011256 -0.884586710019 -1.30074431677 0.593563580298 -1.0897638971 -1.70394714711
-0.176523780119 -4.95048957742 -0.125769628359 -0.176523780119 -4.95048957742 -0.125769628359
-5.16752421069 -3.15926731778 0.215198512866 -5.16752421069 -3.15926731778 0.215198512866
-0.605220192118 0.381425124289 -0.48385538424 -0.795976494769 0.790561153093 -0.459247207611
-2.65727843106 0.867509116934 3.43362702629 -2.62654369267 0.433402869294 3.39934423161
-0.735082324071 4.46328371893 -3.41653928652 -0.735082324071 4.46328371893 -3.41653928652
1.64404821702 -2.56944761572 1.10545342321 1.64404821702 -2.56944761572 1.10545342321
0.0369124141552 0.746680466643 0.70909613835 0.0369124141552 0.746680466643 0.70909613835
3.58563216372 -3.8582524791 -2.60768638159 3.58563216372 -3.8582524791 -2.60768638159
0.0825718730599 0.65938296798 -0.0887876964996 0.289851851715 0.351163915854 -0.0230019616288
-0.320461263883 -0.359211483086 -1.10468213721 -0.30281356695 -0.302952374149 -0.593045281773
-1.50854718908 -3.23588606231 -0.427915321243 -2.01400948203 -2.81729036388 0.200681966422
-1.46011428578 -0.547920133792 2.39318268092 -1.13250965975 -0.454750811184 2.67671991571
-0.87871231884 -0.121122030651 2.47178834222 -0.87871231884 -0.121122030651 2.47178834222
0.921864690014 0.557176234851 -2.15019065731 0.921864690014 0.557176234851 -2.15019065731
-2.12190806203 4.93657223782 -2.70029921432 -2.12190806203 4.93657223782 -2.70029921432
0.301775207894 1.03671053354 -1.9672988534 0.301775207894 1.03671053354 -1.9672988534
1.30883193042 -2.44573883952 0.230869184998 1.30883193042 -2.44573883952 0.230869184998
0.84837008967 0.586419125536 2.08397766088 0.84837008967 0.586419125536 2.08397766088
0.234698485473 3.06822161493 -1.49446332759 -0.261547348926 3.00848589445 -1.55121954783
-2.40127662453 -0.630217717005 3.09141194803 -2.40127662453 -0.630217717005 3.09141194803
-3.36585488766 6.17552024388 -2.1646081211 -3.36585488766 6.17552024388 -2.1646081211
0.7853634204 -0.150963556898 2.43458493996 0.489967570258 -0.0916105981491 2.30164868728
-5.89629348807 0.0450523631168 -2.63778109185 -6.06110581549 -0.247481554738 -2.62518567407
-0.203795533478 -2.62913805569 -0.131183225715 -0.203795533478 -2.62913805569 -0.131183225715
-6.06110581549 -0.247481554738 -2.62518567407 -5.89629348807 0.0450523631168 -2.63778109185
0.97414606022 2.35167143735 -3.77618029137 0.97414606022 2.35167143735 -3.77618029137
-3.67876003757 -0.399362195987 2.66136839925 -3.67876003757 -0.399362195987 2.66136839925
-0.440509746083 -2.07408946836 -0.553659900324 -0.40104532346 -2.45309128303 -0.447920420433
0.686985105056 0.778343101414 1.24799822169 0.686985105056 0.778343101414 1.24799822169
-1.70499857168 0.134262705183 1.13104348355 -1.70499857168 0.134262705183 1.13104348355
-0.593205417119 -4.81672046708 3.68741327856 -0.593205417119 -4.81672046708 3.68741327856
3.33764551595 -2.05090055954 -4.51010384402 3.33764551595 -2.05090055954 -4.51010384402
3.07872434603 -2.15121850329 0.694012721528 2.35940397202 -2.15157981654 0.33037227868
-3.2035478977 0.0675295987502 0.727190994767 -3.2035478977 0.0675295987502 0.727190994767
-0.445562681456 -3.91321214995 -0.0866965967939 -0.445562681456 -3.91321214995 -0.0866965967939
-2.01400948203 -2.81729036388 0.200681966422 -1.50523191844 -2.96821391107 0.783985740664
-1.03048900579 1.80867492098 1.29369221407 -1.49272711989 1.58938884187 1.10387176474
-0.740805267715 -2.03721374549 -0.24829995784 -0.740805267715 -2.03721374549 -0.24829995784
0.496567952532 -3.14543117924 -2.84545210557 0.496567952532 -3.14543117924 -2.84545210557
3.13577880001 5.48287151923 -2.53152991806 3.13577880001 5.48287151923 -2.53152991806
1.80339169003 -4.76305662696 -0.760870157003 1.80339169003 -4.76305662696 -0.760870157003
-0.40104532346 -2.45309128303 -0.447920420433 -0.400213987547 -2.30611523568 -0.702814254646
0.667261520941 -6.76825897847 -2.62591922444 0.667261520941 -6.76825897847 -2.62591922444
0.415903035006 -1.37828176785 -0.706291408298 1.0741478467 -1.13979687852 -0.677569957325
-0.795976494769 0.790561153093 -0.459247207611 -0.406035471356 0.70886032829 -0.407210769498
1.18966128799 2.43367108482 1.65096627525 1.18966128799 2.43367108482 1.65096627525
-0.543244602004 -1.21632329235 0.207741586545 -0.335298914024 -1.1690955266 0.376831996494
0.000735886603071 1.55640111324 -0.0948019380304 0.000735886603071 1.55640111324 -0.0948019380304
-0.946508721903 -0.677074146538 -0.263879963157 -1.65818849233 0.124371818272 0.206374153153
-1.61282861858 -1.82580885247 -4.39685224601 -1.61282861858 -1.82580885247 -4.39685224601
-0.259361040399 0.716212094595 -0.0083953549452 -0.771911001568 0.897962903558 -0.181751587001
-0.189356742083 -0.102420220814 3.34867283456 -0.189356742083 -0.102420220814 3.34867283456
4.77364424582 -0.867133554108 -0.866123213257 4.77364424582 -0.867133554108 -0.866123213257
-1.11608105241 0.296110796109 0.656061625594 -1.04538676978 -0.376171458486 1.06949382401
1.84367883072 -2.28846712136 -2.89858595569 1.84367883072 -2.28846712136 -2.89858595569
1.8109169878 1.03165071552 2.7121926728 1.8109169878 1.03165071552 2.7121926728
-0.484263087632 0.329721164097 0.550747868556 -0.484263087632 0.329721164097 0.550747868556
-0.905314462103 3.15867830801 -1.79208397206 -1.35196094362 2.52774607239 -1.23219656361
-0.684324966775 0.443814247283 0.646179757017 -0.520677959947 0.569877905549 0.521789303339
-1.67646955648 -3.05132161425 -1.24077724778 -1.67646955648 -3.05132161425 -1.24077724778
0.518246779077 -0.565241711745 0.219853442214 -0.000322006250023 0.249104820782 0.754634732943
0.687595950842 0.480398561431 0.340053599176 0.163174645164 0.413297103709 0.552030968689
3.29896096058 1.84858783581 -2.32821286218 3.29896096058 1.84858783581 -2.32821286218
2.0783890001 -2.25183439196 0.618790975836 2.0783890001 -2.25183439196 0.618790975836
0.73371004047 -0.498733051185 1.75660530393 0.73371004047 -0.498733051185 1.75660530393
-1.56038354872 -1.97047804253 -4.10832857666 -1.56038354872 -1.97047804253 -4.10832857666
0.727997166933 0.15247939743 0.652684203483 0.674315296775 0.151943442486 1.23074170894
-1.79912253903 1.39592508246 1.70979553948 -1.79912253903 1.39592508246 1.70979553948
0.975381154009 -0.114557341785 -0.358555701172 0.974162860195 -0.243557363542 -0.28944732499
0.58156971905 -0.0970480958363 0.725810742093 0.371543232476 0.471846242442 0.977527031025
-0.589428449336 0.178317277702 1.32219138391 -0.966586096868 0.020837424592 1.07596242861
-0.248965296463 0.254913588149 0.619223892313 -0.248965296463 0.254913588149 0.619223892313
-1.58620939641 2.08230674797 2.01159011413 -1.58620939641 2.08230674797 2.01159011413
-2.84139412171 -0.64905697163 -2.35487603603 -2.84139412171 -0.64905697163 -2.35487603603
-0.955586724903 0.698254967443 -0.0043382459827 -0.387976384318 0.131564644426 0.108422888977
2.79636521045 -1.06136540844 -0.325131291148 2.79636521045 -1.06136540844 -0.325131291148
-1.28190939788 2.17297488858 0.510958884618 -1.28190939788 2.17297488858 0.510958884618
0.134399687326 -3.6547128203 2.92036331891 0.134399687326 -3.6547128203 2.92036331891
1.02406447736 0.18461795933 0.883168228757 1.30850987431 -0.231799694961 0.480238077855
0.0295504163472 0.190652810926 -0.627964896771 -0.61170946044 0.138370288314 -1.01458472829
-0.431996512127 1.99696397716 -1.77465267085 -0.431996512127 1.99696397716 -1.77465267085
2.03784738741 -2.22103988899 3.00098811368 2.03784738741 -2.22103988899 3.00098811368
2.41539754956 1.70028279443 -0.55637997895 2.41539754956 1.70028279443 -0.55637997895
-1.35196094362 2.52774607239 -1.23219656361 -0.905314462103 3.15867830801 -1.79208397206
-3.78961290102 0.899490304619 0.808602167909 -3.78961290102 0.899490304619 0.808602167909
-1.28914941589 0.027482171491 0.234831384083 -0.832562098861 0.10833992856 0.621962106938
1.56229545336 -1.44310564806 -2.11861668449 1.56229545336 -1.44310564806 -2.11861668449
2.26224019676 -0.327176909936 -2.70576353858 2.21056130692 -0.141179861118 -2.28792729779
-3.37257518235 4.95464794874 4.98345817141 -3.37257518235 4.95464794874 4.98345817141
0.368538666361 0.362119509417 -0.968130842087 0.240688341659 0.327756693963 -0.70706198816
-2.06936771355 -2.33185036267 0.690263087143 -2.25545565698 -2.44555585656 0.9342937486
-2.64731645342 -1.90691131162 1.35692465571 -2.64731645342 -1.90691131162 1.35692465571
-1.28158170623 0.384282976284 0.497189199129 -0.486574924763 0.615948590395 0.342745210482
-0.387976384318 0.131564644426 0.108422888977 -0.0611549964902 0.161260830481 -0.083580828219
-3.03742524535 -1.97009602289 2.46575517124 -3.03742524535 -1.97009602289 2.46575517124
2.77020634668 -1.62611997184 5.58504360986 2.77020634668 -1.62611997184 5.58504360986
-1.02851201552 -1.17584013143 3.04328513165 -1.02851201552 -1.17584013143 3.04328513165
0.645693122549 -3.99830697071 -0.33718522278 0.770577209901 -4.04720825179 -0.0881438561682
-0.17109869839 -0.892479250073 0.397312308693 -0.526108180805 -1.14700892833 0.320577599465
-4.67199663501 -0.0083795505543 -0.290840243093 -4.67199663501 -0.0083795505543 -0.290840243093
-0.771911001568 0.897962903558 -0.181751587001 -0.955586724903 0.698254967443 -0.0043382459827
0.326190325245 0.548484786811 1.06140670875 0.231319878402 0.615614719938 1.58894114688
2.39147217357 0.783616156178 -0.158126033698 2.39147217357 0.783616156178 -0.158126033698
0.327331719968 -0.57217445351 -0.338324477644 1.0467901576 -0.32847890023 -0.214004886607
0.542212799574 -4.7777396585 2.85134792441 0.542212799574 -4.7777396585 2.85134792441
-0.676987502895 0.473573142884 -1.13170067476 -0.676987502895 0.473573142884 -1.13170067476
2.23580241832 2.90601276554 -0.84964720986 2.23580241832 2.90601276554 -0.84964720986
0.467869369047 -3.12185520506 -3.415393253 -0.120272012677 -2.96399824732 -3.38885408639
1.44667401832 0.0225156174863 -1.57610167398 1.44667401832 0.0225156174863 -1.57610167398
0.142650496204 2.99372683712 -4.06860474548 0.142650496204 2.99372683712 -4.06860474548
2.48203935518 -0.498362759339 0.510325140569 2.48203935518 -0.498362759339 0.510325140569
4.28799265641 -2.62668590328 1.25292701784 4.12375288007 -2.62347545088 1.47611117313
-0.0611549964902 0.161260830481 -0.083580828219 0.15280051243 0.0672178612077 -0.378910184692
1.90287055396 1.40965893313 -0.0154580599902 1.6301815148 1.35925364722 -0.606336351576
0.974162860195 -0.243557363542 -0.28944732499 0.583538910315 -0.581412530786 0.301817712737
-0.550635107997 -0.484484010455 0.105796406006 -0.946508721903 -0.677074146538 -0.263879963157
0.795132658987 -3.0939826295 -5.01365233052 0.795132658987 -3.0939826295 -5.01365233052
2.06113466402 -1.54484396539 0.0260060436322 2.06113466402 -1.54484396539 0.0260060436322
-3.37278467108 0.0115222630763 1.7196871088 -3.37278467108 0.0115222630763 1.7196871088
1.03651917778 -0.0787995139437 -0.693932055464 0.975381154009 -0.114557341785 -0.358555701172
0.401610899081 0.54431598647 0.639060952338 0.566373167667 0.538205308538 0.423819034534
0.260177234621 -0.0429541538151 -0.328627957166 0.628509169283 -0.293691819632 -0.410368859391
-1.36357228596 -1.93936415256 -3.78539024021 -1.36357228596 -1.93936415256 -3.78539024021
-3.84351720836 -9.00539376215 0.256109856428 -3.84351720836 -9.00539376215 0.256109856428
0.254950583742 1.41639900514 -0.675244868778 -0.0199385648698 0.881303674577 -0.727818999901
-0.146210219339 -4.59299189281 1.3241795931 -0.146210219339 -4.59299189281 1.3241795931
-2.94224910294 -2.38470182371 -0.762250895113 -2.94224910294 -2.38470182371 -0.762250895113
1.56166462266 -2.29812199111 -0.107748532651 1.56166462266 -2.29812199111 -0.107748532651
0.621501433152 1.34709605982 1.06523381665 0.79457606638 0.610854180363 0.435481117932
0.463888551659 0.527561497852 0.281926686664 -0.194869264918 -0.227407907687 0.285788307212
3.76949262257 1.62004870466 4.13648459386 3.76949262257 1.62004870466 4.13648459386
-1.39920742823 -1.50394440608 0.156331296619 -1.39920742823 -1.50394440608 0.156331296619
-1.04538676978 -0.376171458486 1.06949382401 -1.1923341934 0.159582082711 0.662289697436
0.551723891038 0.133476839526 -1.16070375801 0.389320817263 0.0228561018613 -1.04276718182
-2.62654369267 0.433402869294 3.39934423161 -2.65727843106 0.867509116934 3.43362702629
-3.26114306697 -4.56418975771 -3.33327497534 -3.26114306697 -4.56418975771 -3.33327497534
-2.19453911233 -0.412001930078 -1.16982509887 -2.19453911233 -0.412001930078 -1.16982509887
0.289851851715 0.351163915854 -0.0230019616288 0.706687943922 0.091192079834 -0.159703609548
-5.09413780773 2.45636833715 -1.99534195516 -5.09413780773 2.45636833715 -1.99534195516
2.44645103419 -1.33580714584 3.00648408997 2.44645103419 -1.33580714584 3.00648408997
-0.930303064884 -3.41777183781 -1.80810691933 -0.930303064884 -3.41777183781 -1.80810691933
5.1146677126 1.2703084879 -3.35008969357 5.1146677126 1.2703084879 -3.35008969357
0.811209851948 -0.512201881958 -1.40633823979 0.726617895984 -0.0854286821848 -1.50919090124
-3.66759481617 1.29725034563 -0.998370988407 -3.66759481617 1.29725034563 -0.998370988407
-1.15022846196 -0.408462288792 -2.15320049697 -0.807271112703 -0.0358120097469 -1.77673638786
0.0648456042602 -2.22940991248 -1.12758358812 0.0648456042602 -2.22940991248 -1.12758358812
0.129070867045 3.49810232307 -2.73274378156 0.129070867045 3.49810232307 -2.73274378156
0.861304068078 -4.29973079402 -2.12383491346 0.861304068078 -4.29973079402 -2.12383491346
-3.92566954463 -5.0873542143 1.89672618907 -3.92566954463 -5.0873542143 1.89672618907
-1.07704895254 -0.504567953804 0.00478875337122 -0.689301498819 -0.819508680407 0.0937211403275
-1.50523191844 -2.96821391107 0.783985740664 -1.50854718908 -3.23588606231 -0.427915321243
-0.807271112703 -0.0358120097469 -1.77673638786 -1.15022846196 -0.408462288792 -2.15320049697
0.372564176386 0.324230991015 0.399807267525 0.355246243417 -0.111154777344 0.21050316658
-1.88109729994 -2.71749947647 2.02929506872 -1.88109729994 -2.71749947647 2.02929506872
-0.165075731219 5.54754902037 -3.70206320339 -0.165075731219 5.54754902037 -3.70206320339
-0.406035471356 0.70886032829 -0.407210769498 0.0739759298218 0.602566569545 -0.742187195247
-0.966586096868 0.020837424592 1.07596242861 -0.801634747572 -0.00832732378485 0.679173378722
-0.340761626358 0.0857733123866 -3.70641377726 -0.340761626358 0.0857733123866 -3.70641377726
0.189542055162 1.45110520861 2.45811623926 0.189542055162 1.45110520861 2.45811623926
0.00495400963002 2.54501860667 -0.46400987244 0.00495400963002 2.54501860667 -0.46400987244
-0.0865625890242 6.83444286478 3.41734992599 -0.0865625890242 6.83444286478 3.41734992599
1.69858705264 2.92549800714 1.3410427577 1.69858705264 2.92549800714 1.3410427577
0.910838391008 2.24113843693 -2.69299672708 0.910838391008 2.24113843693 -2.69299672708
-3.02803938432 -0.131548342393 1.26999320597 -3.02803938432 -0.131548342393 1.26999320597
-1.96571851524 -0.611812082548 0.663883677648 -1.7938041128 -0.767450264554 0.387771216549
0.349387082139 1.24349369405 0.014629626734 0.349387082139 1.24349369405 0.014629626734
1.12730157732 -4.58890482948 -0.367683357786 1.12730157732 -4.58890482948 -0.367683357786
1.85231631382 0.795715282574 -0.354387060194 1.72957357127 0.927864534907 -0.478534269351
-4.56982250537 2.36079234955 -2.17863632692 -4.56982250537 2.36079234955 -2.17863632692
0.045729051971 -3.82529365412 0.410065474542 0.045729051971 -3.82529365412 0.410065474542
3.93120331766 -4.63085169081 0.60000366747 3.93120331766 -4.63085169081 0.60000366747
0.426912704548 -1.03156137685 -1.21567814247 0.426912704548 -1.03156137685 -1.21567814247
-0.542672045401 -2.38873953713 -0.113331667772 -0.542672045401 -2.38873953713 -0.113331667772
1.80953588799 1.37803491221 1.41566678473 1.80953588799 1.37803491221 1.41566678473
0.711026599968 1.15619898116 1.18311050759 0.711026599968 1.15619898116 1.18311050759
0.583538910315 -0.581412530786 0.301817712737 0.861725698173 -0.473241455134 0.071784800866
-1.37840404732 -1.29334405367 0.689500209909 -1.96571851524 -0.611812082548 0.663883677648
-0.263233481629 -1.09075978333 1.02198347048 0.406314144926 -0.926363052191 1.20544239449
0.43205956761 1.16740067706 1.2835218698 0.43205956761 1.16740067706 1.2835218698
3.79328460157 -2.65832150984 2.16266176189 3.79328460157 -2.65832150984 2.16266176189
4.22717673353 0.0992645045888 2.06297382073 4.22717673353 0.0992645045888 2.06297382073
-1.06783793723 3.19580559518 2.39847281616 -1.06783793723 3.19580559518 2.39847281616
1.6301815148 1.35925364722 -0.606336351576 1.90287055396 1.40965893313 -0.0154580599902
3.80576419106 -1.54195997068 -1.67804953409 3.80576419106 -1.54195997068 -1.67804953409
0.957234559524 -2.31780552456 -0.549672610685 0.957234559524 -2.31780552456 -0.549672610685
2.21056130692 -0.141179861118 -2.28792729779 2.26224019676 -0.327176909936 -2.70576353858
2.73862759054 2.733623964 -0.0310399774446 2.73862759054 2.733623964 -0.0310399774446
0.00927560805716 -0.66965544298 0.484785386176 -0.519919578385 -0.52517695315 0.252056202578
-2.89191936929 -1.37037894554 1.59650193862 -2.89191936929 -1.37037894554 1.59650193862
-4.05503577558 -0.161675928471 -0.757423536492 -4.05503577558 -0.161675928471 -0.757423536492
-0.526108180805 -1.14700892833 0.320577599465 -0.17109869839 -0.892479250073 0.397312308693
-2.52755984694 -1.93714807943 -0.115594125553 -2.52755984694 -1.93714807943 -0.115594125553
0.15280051243 0.0672178612077 -0.378910184692 -0.301797427847 -0.819628774063 -0.332663408016
-0.189594631234 1.89595078089 -0.0465389381276 -0.189594631234 1.89595078089 -0.0465389381276
0.638304295273 0.265319072725 0.823471109282 0.621501433152 1.34709605982 1.06523381665
0.37836981486 2.9915331401 -1.92173933393 0.697591051502 3.28260780293 -2.04677301732
