0.575917517773 -0.968758738737 19.7426964786 0.575917517773 -0.968758738737 19.7426964786
-1.5870350276 -1.98939243528 2.38919476208 -1.5870350276 -1.98939243528 2.38919476208
-1.26043956558 0.283546395093 2.36767834665 -1.26043956558 0.283546395093 2.36767834665
-0.0208940269095 -1.4929810923 2.90824800819 -0.0208940269095 -1.4929810923 2.90824800819
2.29223688735 1.17248929539 1.52754100964 2.29223688735 1.17248929539 1.52754100964
-0.21892175981 -0.416537220018 0.309319403392 -0.21892175981 -0.416537220018 0.309319403392
0.657960717165 -0.927223058116 -9.71826829341 0.657960717165 -0.927223058116 -9.71826829341
0.0660732855778 1.11885274802 0.188849763009 0.0660732855778 1.11885274802 0.188849763009
-1.81877147579 -0.0421026434905 -5.75272141307 -1.81877147579 -0.0421026434905 -5.75272141307
-0.189196914106 -0.820379496245 -1.79668246038 -0.189196914106 -0.820379496245 -1.79668246038
-1.95663945427 -3.36723619195 -12.0163487848 -1.95663945427 -3.36723619195 -12.0163487848
-2.11071339312 0.370312893397 -1.87351882429 -2.11071339312 0.370312893397 -1.87351882429
-0.123346079144 2.08322235226 6.6157066758 -0.123346079144 2.08322235226 6.6157066758
0.212320876684 -0.0354367662449 -0.323399470854 0.212320876684 -0.0354367662449 -0.323399470854
1.06635850112 2.22098044242 0.059139252794 1.06635850112 2.22098044242 0.059139252794
-0.875569820405 -3.13646420038 -5.40943198482 -0.875569820405 -3.13646420038 -5.40943198482
0.534026946107 2.40659346964 -5.34990319658 0.534026946107 2.40659346964 -5.34990319658
-0.117880269391 0.0881704603079 -4.16465511451 -0.117880269391 0.0881704603079 -4.16465511451
-0.191724876008 0.805615916663 -2.67362819763 -0.191724876008 0.805615916663 -2.67362819763
0.332161187338 1.11847716895 4.60179087577 0.332161187338 1.11847716895 4.60179087577
-0.744731749949 -2.1861480304 -0.151335680219 -0.744731749949 -2.1861480304 -0.151335680219
0.156970710913 -3.13649588484 -13.6567550939 0.156970710913 -3.13649588484 -13.6567550939
0.257567953134 -2.73106309942 4.55894445522 0.257567953134 -2.73106309942 4.55894445522
-1.19932777647 -0.231038801206 0.463207612929 -1.19932777647 -0.231038801206 0.463207612929
0.446499717851 0.809713382427 2.93573868156 0.446499717851 0.809713382427 2.93573868156
1.25270147218 -0.427862538453 -6.25732975269 1.25270147218 -0.427862538453 -6.25732975269
-3.70252234282 -1.74595258946 -14.9690255915 -3.70252234282 -1.74595258946 -14.9690255915
0.259912214489 0.0421639056591 -0.0564431071878 0.259912214489 0.0421639056591 -0.0564431071878
-2.56933538118 -1.18948645885 4.76090984283 -2.56933538118 -1.18948645885 4.76090984283
-1.56938113507 -0.248424421673 -1.44146042913 -1.56938113507 -0.248424421673 -1.44146042913
2.53277191017 1.03332147266 -0.935249070425 2.53277191017 1.03332147266 -0.935249070425
0.81245362426 -1.03964060973 8.68680925679 0.81245362426 -1.03964060973 8.68680925679
-2.95450046978 -1.36126933631 4.28138305785 -2.95450046978 -1.36126933631 4.28138305785
1.22349749419 1.82733981161 1.46946305098 1.22349749419 1.82733981161 1.46946305098
-1.74028145071 0.599807136521 -1.76235626931 -1.74028145071 0.599807136521 -1.76235626931
-0.282968938861 1.06435805276 -1.10577724592 -0.282968938861 1.06435805276 -1.10577724592
0.142383660518 4.15214621827 7.22262492855 0.142383660518 4.15214621827 7.22262492855
-0.206347966444 -0.775662674386 -0.93039784883 -0.206347966444 -0.775662674386 -0.93039784883
-0.25903711321 1.82233101059 -8.96344282437 -0.25903711321 1.82233101059 -8.96344282437
0.578232855859 -0.15775304202 -3.81344372205 0.578232855859 -0.15775304202 -3.81344372205
1.90128331963 -1.20245022742 2.85806116374 1.90128331963 -1.20245022742 2.85806116374
1.71334434967 2.52384958816 -0.636786251439 1.71334434967 2.52384958816 -0.636786251439
0.56425470458 1.20430119861 5.14172566074 0.56425470458 1.20430119861 5.14172566074
0.662510766995 1.86195360206 -2.19037921364 0.662510766995 1.86195360206 -2.19037921364
1.18736817793 1.28795991213 -3.99789340389 1.18736817793 1.28795991213 -3.99789340389
-0.0664483670834 -0.717588933892 3.8260478053 -0.0664483670834 -0.717588933892 3.8260478053
-0.227541424023 1.86786921381 1.3472445542 -0.227541424023 1.86786921381 1.3472445542
-1.67676825148 1.26899219391 -5.19787085056 -1.67676825148 1.26899219391 -5.19787085056
0.69806222071 0.0226309063171 -2.7451097671 0.69806222071 0.0226309063171 -2.7451097671
2.9305496615 0.414752330655 -12.6321943778 2.9305496615 0.414752330655 -12.6321943778
-0.714048189848 1.6069930561 0.265603150302 -0.714048189848 1.6069930561 0.265603150302
-0.166245222629 0.570546480729 -9.15098417249 -0.166245222629 0.570546480729 -9.15098417249
1.44041742954 -1.28374744903 9.99031455475 1.44041742954 -1.28374744903 9.99031455475
0.936862088479 -0.0539772139745 2.57833330277 0.936862088479 -0.0539772139745 2.57833330277
-0.345324333611 -1.00277019985 -15.9907188946 -0.345324333611 -1.00277019985 -15.9907188946
-0.410047242954 0.622645743692 14.191890782 -0.410047242954 0.622645743692 14.191890782
2.43888201236 0.330080812576 8.82584027921 2.43888201236 0.330080812576 8.82584027921
0.292822346387 -0.658651233522 -2.48527100972 0.292822346387 -0.658651233522 -2.48527100972
0.460297216448 -1.25658829181 4.49448182078 0.460297216448 -1.25658829181 4.49448182078
-1.16437857083 0.0245335371609 6.41216927543 -1.16437857083 0.0245335371609 6.41216927543
0.618566355153 2.19686082073 -3.98280256735 0.618566355153 2.19686082073 -3.98280256735
2.52074451191 2.10085272274 -1.18828238162 2.52074451191 2.10085272274 -1.18828238162
1.22003418037 0.161612087604 9.15204095276 1.22003418037 0.161612087604 9.15204095276
1.95497402213 -0.300025025395 9.84246909901 1.95497402213 -0.300025025395 9.84246909901
0.615697061421 2.24471252322 -1.41286198397 0.615697061421 2.24471252322 -1.41286198397
-0.354838203558 -1.66387727736 8.00495927154 -0.354838203558 -1.66387727736 8.00495927154
1.18078452519 1.82158404303 5.78550630183 1.18078452519 1.82158404303 5.78550630183
-2.03187733164 -2.46594184861 0.463104387768 -2.03187733164 -2.46594184861 0.463104387768
3.54244580354 1.75061652181 -1.79270792048 3.54244580354 1.75061652181 -1.79270792048
-0.187250182862 0.803823193356 -6.3152100887 -0.187250182862 0.803823193356 -6.3152100887
-0.271704135689 2.16899710553 -0.666633697899 -0.271704135689 2.16899710553 -0.666633697899
-0.149131501727 1.37755964841 2.99731928106 -0.149131501727 1.37755964841 2.99731928106
2.16264095281 0.142397774541 -18.7842937961 2.16264095281 0.142397774541 -18.7842937961
-1.66001009329 0.70755003778 2.34880662606 -1.66001009329 0.70755003778 2.34880662606
1.22560642923 2.21244863186 -2.94204465079 1.22560642923 2.21244863186 -2.94204465079
-0.406337666302 -0.339264716427 -6.19784351143 -0.406337666302 -0.339264716427 -6.19784351143
-1.95308611606 0.962900721983 -8.69924558345 -1.95308611606 0.962900721983 -8.69924558345
0.975187379492 -2.20566509794 -6.28235844673 0.975187379492 -2.20566509794 -6.28235844673
-0.596654128852 -1.70027807649 -8.00187474874 -0.596654128852 -1.70027807649 -8.00187474874
0.604576183864 0.159707001877 4.03592457923 0.604576183864 0.159707001877 4.03592457923
-0.929331065037 3.0655099634 -1.99574527518 -0.929331065037 3.0655099634 -1.99574527518
2.57201808655 -0.0881826627298 -3.48220210505 2.57201808655 -0.0881826627298 -3.48220210505
1.79833173445 -0.408402331681 3.03849078912 1.79833173445 -0.408402331681 3.03849078912
1.75942552461 1.44571084743 7.89201747017 1.75942552461 1.44571084743 7.89201747017
0.622083180994 -3.01158458181 -3.86655421938 0.622083180994 -3.01158458181 -3.86655421938
-1.17193313163 0.455204247847 -2.66287373277 -1.17193313163 0.455204247847 -2.66287373277
-1.87840289585 -0.0799831731662 1.17319532677 -1.87840289585 -0.0799831731662 1.17319532677
-3.70590993324 -1.99318892486 -3.02267577076 -3.70590993324 -1.99318892486 -3.02267577076
-3.71769682915 -0.737416597416 12.622376444 -3.71769682915 -0.737416597416 12.622376444
-1.70969241392 0.354757372434 0.168915660367 -1.70969241392 0.354757372434 0.168915660367
-1.03164011433 -2.6031877934 -4.20695687825 -1.03164011433 -2.6031877934 -4.20695687825
-1.43750655674 -1.8075480163 1.28068424087 -1.62203083722 -1.82959839419 1.3552487612
-3.12141639776 -0.659723588329 3.02129150211 -3.12141639776 -0.659723588329 3.02129150211
1.87195725322 2.57543846086 2.72202101406 1.87195725322 2.57543846086 2.72202101406
-1.44099666098 -0.820109159258 12.294640398 -1.44099666098 -0.820109159258 12.294640398
-1.08924812965 -0.244630204113 -3.61091254035 -1.08924812965 -0.244630204113 -3.61091254035
0.959516052541 -2.71375002766 5.29831129201 0.959516052541 -2.71375002766 5.29831129201
0.906093406889 3.6324465748 7.39148346673 0.906093406889 3.6324465748 7.39148346673
-0.526756111804 2.1214970506 -6.42220285898 -0.526756111804 2.1214970506 -6.42220285898
1.38859911539 -1.07065930908 2.11112316749 1.38859911539 -1.07065930908 2.11112316749
1.57236648469 -1.3981354026 6.07879066915 1.57236648469 -1.3981354026 6.07879066915
1.65767286552 -1.7630541515 -0.60865716801 1.65767286552 -1.7630541515 -0.60865716801
0.230937761828 0.894769051858 -0.265918772606 0.230937761828 0.894769051858 -0.265918772606
-0.64215644526 -0.906357964949 -6.64317605852 -0.64215644526 -0.906357964949 -6.64317605852
-0.0252667557918 -0.491759873691 -0.44075561414 -0.0252667557918 -0.491759873691 -0.44075561414
1.40053543702 -0.592816916616 -6.22517659451 1.40053543702 -0.592816916616 -6.22517659451
-2.61649461782 1.43716770907 -6.58657842389 -2.61649461782 1.43716770907 -6.58657842389
1.40397636749 -2.78478509844 3.24184171087 1.40397636749 -2.78478509844 3.24184171087
-1.26124715851 3.64786881942 -3.1949083447 -1.26124715851 3.64786881942 -3.1949083447
1.77587014366 -0.270714145978 -1.83319376032 1.77587014366 -0.270714145978 -1.83319376032
0.09993935961 0.331233590192 -0.0463432802525 0.09993935961 0.331233590192 -0.0463432802525
2.891903984 -3.44277027096 -5.84429337045 2.891903984 -3.44277027096 -5.84429337045
-1.71627115645 -0.765064029738 -9.40960688322 -1.71627115645 -0.765064029738 -9.40960688322
-3.69100864052 2.03020556207 6.77708440582 -3.69100864052 2.03020556207 6.77708440582
-1.35847939484 0.978154315835 4.93914805973 -1.35847939484 0.978154315835 4.93914805973
-0.262863959231 0.397161069539 -3.57584955748 -0.262863959231 0.397161069539 -3.57584955748
-3.79337184026 2.45731789042 -3.85738299448 -3.79337184026 2.45731789042 -3.85738299448
-0.0263758238544 1.85603734773 0.545123436754 -0.0263758238544 1.85603734773 0.545123436754
1.77903583109 1.7468260522 5.99560065573 1.77903583109 1.7468260522 5.99560065573
0.27917249082 0.897221870841 3.18614155434 0.27917249082 0.897221870841 3.18614155434
0.328144695325 -0.251575743263 3.28047131797 0.328144695325 -0.251575743263 3.28047131797
1.81081382208 -1.40398255682 -0.487756887205 1.81081382208 -1.40398255682 -0.487756887205
-0.740020869345 0.839743726522 -1.40861211456 -0.740020869345 0.839743726522 -1.40861211456
0.386522358981 -1.43105120259 2.29277713115 0.386522358981 -1.43105120259 2.29277713115
0.382048431489 0.344068933844 -1.72499803691 0.382048431489 0.344068933844 -1.72499803691
1.70669235378 0.913378155503 4.42827586167 1.70669235378 0.913378155503 4.42827586167
3.69176095985 -0.58919519207 2.28279815214 3.69176095985 -0.58919519207 2.28279815214
0.558997391729 2.42159316633 3.0708077374 0.558997391729 2.42159316633 3.0708077374
-3.53106716957 0.0601039516424 -4.55027715659 -3.53106716957 0.0601039516424 -4.55027715659
0.575217299822 -2.2087369256 10.5134587957 0.575217299822 -2.2087369256 10.5134587957
0.696145766493 1.35572415564 7.29447343288 0.696145766493 1.35572415564 7.29447343288
0.0169611746237 1.78055562413 2.0496872921 0.0169611746237 1.78055562413 2.0496872921
-0.803069190796 0.683286995453 -2.18125413324 -0.803069190796 0.683286995453 -2.18125413324
0.841991224409 0.701474534747 -5.54344367503 0.841991224409 0.701474534747 -5.54344367503
-1.33991954343 0.0566287679909 5.55868939214 -1.33991954343 0.0566287679909 5.55868939214
-0.347354786359 1.95208975232 2.21288449853 -0.347354786359 1.95208975232 2.21288449853
1.0495714578 -1.8203312413 4.27371347595 1.0495714578 -1.8203312413 4.27371347595
-1.21576819208 -0.854764737748 -5.55951809184 -1.21576819208 -0.854764737748 -5.55951809184
1.10942988778 0.829843709379 -4.63724915267 1.10942988778 0.829843709379 -4.63724915267
-0.445847411819 -3.1983672387 -9.67234259475 -0.445847411819 -3.1983672387 -9.67234259475
0.23036618713 0.125090456303 -1.50418231905 0.23036618713 0.125090456303 -1.50418231905
1.2028864254 1.20788533014 4.0762372925 1.2028864254 1.20788533014 4.0762372925
-1.60629013571 0.28003231219 0.889294105653 -1.60629013571 0.28003231219 0.889294105653
-1.20475318327 1.73314258631 6.61832790271 -1.20475318327 1.73314258631 6.61832790271
1.69491206849 0.554689736773 5.42345747977 1.69491206849 0.554689736773 5.42345747977
1.08088601082 -0.663510464591 14.2959996326 1.01647146447 -0.694887144758 14.3842785219
-0.212416294274 -0.583010891688 7.88501581931 -0.212416294274 -0.583010891688 7.88501581931
-1.96417612465 0.19398905066 -2.5068331712 -1.96417612465 0.19398905066 -2.5068331712
0.260409881918 1.06227274938 -0.119237986918 0.260409881918 1.06227274938 -0.119237986918
1.19436540427 2.60809258297 -5.4668137505 1.19436540427 2.60809258297 -5.4668137505
1.26940801418 1.61909469875 -4.8385383597 1.26940801418 1.61909469875 -4.8385383597
0.306360611928 0.717211706585 -1.79000453451 0.306360611928 0.717211706585 -1.79000453451
-2.78966956859 1.28567106369 1.12418126193 -2.78966956859 1.28567106369 1.12418126193
-1.51227006291 0.715873670762 -8.49493210842 -1.51227006291 0.715873670762 -8.49493210842
1.30729277579 -0.0553149200642 3.27790852491 1.30729277579 -0.0553149200642 3.27790852491
2.86304414096 -0.152521004738 4.84349161595 2.86304414096 -0.152521004738 4.84349161595
-1.23781176817 -0.126871914058 10.3789863784 -1.23781176817 -0.126871914058 10.3789863784
0.657590291381 -0.51009384839 -9.75892645542 0.657590291381 -0.51009384839 -9.75892645542
0.958594548523 1.54064017476 1.65440945001 0.958594548523 1.54064017476 1.65440945001
1.48433212791 1.39968963752 1.45905769708 1.48433212791 1.39968963752 1.45905769708
-0.908943228326 -1.36606204144 5.74512333048 -0.908943228326 -1.36606204144 5.74512333048
-0.475884209839 -0.426018429288 2.74475435463 -0.475884209839 -0.426018429288 2.74475435463
-0.536300038584 0.691044859685 5.07369452006 -0.536300038584 0.691044859685 5.07369452006
3.07665593001 -0.476982296476 -0.0162887489351 3.07665593001 -0.476982296476 -0.0162887489351
2.67678868331 0.939595151671 1.0635212863 2.67678868331 0.939595151671 1.0635212863
-1.24556225796 2.23193628922 -1.50463377741 -1.24556225796 2.23193628922 -1.50463377741
-3.57315244736 1.11149753625 1.67038825381 -3.57315244736 1.11149753625 1.67038825381
-1.83614053017 1.25918899519 1.6932914571 -1.83614053017 1.25918899519 1.6932914571
-0.338157524805 2.25289246362 -3.91770103399 -0.338157524805 2.25289246362 -3.91770103399
1.61760445552 -0.987156670245 -6.47845834326 1.61760445552 -0.987156670245 -6.47845834326
1.11536910646 -0.462403804103 -6.97338267668 1.11536910646 -0.462403804103 -6.97338267668
-1.13350822488 -0.903643377098 -0.841051878138 -1.13350822488 -0.903643377098 -0.841051878138
1.87140155793 0.837326560155 -7.12937155463 1.87140155793 0.837326560155 -7.12937155463
0.225088595056 -0.945110533291 -7.08830751833 0.225088595056 -0.945110533291 -7.08830751833
-1.19205293441 -0.0952395655206 1.71149509946 -1.19205293441 -0.0952395655206 1.71149509946
-2.28983350265 -1.71777671528 -4.05734079896 -2.28983350265 -1.71777671528 -4.05734079896
0.770173580098 -2.30195589036 -4.96094204384 0.770173580098 -2.30195589036 -4.96094204384
-0.367213904753 1.63034947201 3.16349728795 -0.367213904753 1.63034947201 3.16349728795
-1.54945355524 -0.846036028632 -4.25425602092 -1.54945355524 -0.846036028632 -4.25425602092
0.999730355021 -1.81979616684 -4.31860719077 0.999730355021 -1.81979616684 -4.31860719077
0.657615899108 -1.37207438797 -6.53697673869 0.657615899108 -1.37207438797 -6.53697673869
-2.17764004112 -2.06943878655 13.3584886243 -2.17764004112 -2.06943878655 13.3584886243
0.775943884043 -0.927473587409 6.04714081532 0.775943884043 -0.927473587409 6.04714081532
2.23401419229 0.187430703429 -0.293767278372 2.23401419229 0.187430703429 -0.293767278372
-0.894902488192 -0.468167670954 3.59082452003 -0.894902488192 -0.468167670954 3.59082452003
2.75404979271 0.899608217521 3.72242805763 2.75404979271 0.899608217521 3.72242805763
-4.69303973955 -2.25141699875 -8.91973622701 -4.69303973955 -2.25141699875 -8.91973622701
1.57269876192 0.605578292287 -4.1344777986 1.57269876192 0.605578292287 -4.1344777986
-1.25278208059 -0.889108010325 0.803218928546 -1.25278208059 -0.889108010325 0.803218928546
-0.971375613445 1.51785930941 -4.35155099947 -0.971375613445 1.51785930941 -4.35155099947
1.80751228188 -0.253474599481 7.17062089953 1.80751228188 -0.253474599481 7.17062089953
-0.0750959116313 2.37568721249 -3.34207192686 -0.0750959116313 2.37568721249 -3.34207192686
0.552792620693 2.03165234828 -3.87640538072 0.552792620693 2.03165234828 -3.87640538072
-0.624817911544 1.50824820471 8.25656192319 -0.624817911544 1.50824820471 8.25656192319
-0.257226947434 0.168876808874 11.8252815833 -0.257226947434 0.168876808874 11.8252815833
1.39811029029 -0.334947792094 -5.5415342032 1.39811029029 -0.334947792094 -5.5415342032
2.26235254701 1.95788854669 -3.03872198642 2.26235254701 1.95788854669 -3.03872198642
0.426924918922 1.22562118342 -0.827859811931 0.426924918922 1.22562118342 -0.827859811931
0.229234970852 1.50484135614 3.23067634327 0.229234970852 1.50484135614 3.23067634327
0.696057520307 2.08264163219 -0.268893707685 0.696057520307 2.08264163219 -0.268893707685
0.960713883679 0.14288356096 -4.56748090766 0.960713883679 0.14288356096 -4.56748090766
0.125711790506 -0.303393638914 15.9555409927 0.125711790506 -0.303393638914 15.9555409927
1.47716918843 -1.42739744241 -6.14047304756 1.47716918843 -1.42739744241 -6.14047304756
-0.0276089870906 2.51683553976 -1.17466439744 -0.0276089870906 2.51683553976 -1.17466439744
2.36614004373 1.61832653277 -3.98130210447 2.36614004373 1.61832653277 -3.98130210447
0.520409134675 -1.60648426327 -2.20741709205 0.520409134675 -1.60648426327 -2.20741709205
1.0347744309 -1.37999702835 0.564512984147 1.0347744309 -1.37999702835 0.564512984147
1.55074088552 -0.220501050581 -3.66447548172 1.55074088552 -0.220501050581 -3.66447548172
1.05576788022 1.61920727101 -9.772817383 1.05576788022 1.61920727101 -9.772817383
0.699743836818 -0.68339464404 0.748050363829 0.699743836818 -0.68339464404 0.748050363829
-1.60005604717 -2.71864006567 0.737953638409 -1.60005604717 -2.71864006567 0.737953638409
-2.56708692346 2.80155666826 2.70432059354 -2.56708692346 2.80155666826 2.70432059354
0.0265676369306 0.72353669081 -1.93735177076 0.0265676369306 0.72353669081 -1.93735177076
-1.06210910295 1.02955142962 -2.81553856824 -1.06210910295 1.02955142962 -2.81553856824
0.971244988762 -1.64153980218 6.22928540943 0.971244988762 -1.64153980218 6.22928540943
-2.56837333773 0.860520520699 9.56545832795 -2.56837333773 0.860520520699 9.56545832795
0.96506959203 -0.0441000876152 -1.9602013047 0.96506959203 -0.0441000876152 -1.9602013047
0.96204933165 2.53695154856 -0.452715625167 0.96204933165 2.53695154856 -0.452715625167
-0.526776501794 0.527655056454 4.62001740797 -0.526776501794 0.527655056454 4.62001740797
0.183782019503 0.857866275169 7.47925769279 0.183782019503 0.857866275169 7.47925769279
-0.265884762333 -1.02950200952 -1.46295989983 -0.265884762333 -1.02950200952 -1.46295989983
-0.84870404801 1.08480407178 4.98226319273 -0.84870404801 1.08480407178 4.98226319273
2.70024672965 -0.201920446458 -2.6276514688 2.70024672965 -0.201920446458 -2.6276514688
0.869008099988 0.437563559532 7.42183496082 0.869008099988 0.437563559532 7.42183496082
-0.304064529583 -0.877911916276 7.3619331768 -0.304064529583 -0.877911916276 7.3619331768
-1.22018677961 1.86493720098 2.25183192303 -1.22018677961 1.86493720098 2.25183192303
1.00314135261 1.49552290324 -1.6516017677 1.00314135261 1.49552290324 -1.6516017677
-0.831908750266 -1.6380897203 0.0822341707368 -0.831908750266 -1.6380897203 0.0822341707368
-0.0705807530856 0.305225909463 -4.95389859729 -0.0705807530856 0.305225909463 -4.95389859729
0.0078095829783 -2.6805075875 8.03994903776 0.0078095829783 -2.6805075875 8.03994903776
-0.261480571905 -0.827929901469 5.03475496152 -0.261480571905 -0.827929901469 5.03475496152
-2.07305273532 1.33456708908 -5.56386527072 -2.07305273532 1.33456708908 -5.56386527072
1.00771070967 1.56964825535 -9.23611267753 1.00771070967 1.56964825535 -9.23611267753
-1.30801509266 -0.240526265653 -6.95782944659 -1.30801509266 -0.240526265653 -6.95782944659
-1.74141981702 4.0253297601 -6.58565045611 -1.74141981702 4.0253297601 -6.58565045611
0.77552791005 -1.40344443655 -3.83894109046 0.77552791005 -1.40344443655 -3.83894109046
-0.568535493878 2.02160148779 -6.83856545694 -0.568535493878 2.02160148779 -6.83856545694
-0.655691794021 -1.06605092468 3.22872302048 -0.655691794021 -1.06605092468 3.22872302048
2.32496277551 -2.62395977001 -9.50926975173 2.32496277551 -2.62395977001 -9.50926975173
-2.5820761236 1.40888885295 -11.0812765831 -2.5820761236 1.40888885295 -11.0812765831
-2.31324973794 0.849715332307 -1.78512118916 -2.31324973794 0.849715332307 -1.78512118916
-2.44390646477 -1.6579721081 6.58919465688 -2.44390646477 -1.6579721081 6.58919465688
0.398891521475 -1.21255013427 -2.3713523139 0.398891521475 -1.21255013427 -2.3713523139
2.2899535202 0.397968276065 8.11673108592 2.2899535202 0.397968276065 8.11673108592
-1.16577196251 -1.81913718747 -0.21622920657 -1.16577196251 -1.81913718747 -0.21622920657
-3.14160876978 -0.504184918432 -6.63553900225 -3.14160876978 -0.504184918432 -6.63553900225
0.791332413709 -0.971562676574 -9.5972746935 0.791332413709 -0.971562676574 -9.5972746935
0.609531581317 -1.00143143703 -6.32776121576 0.609531581317 -1.00143143703 -6.32776121576
2.41731362195 -3.86495353612 -0.583214991674 2.41731362195 -3.86495353612 -0.583214991674
0.896122386923 1.1713202569 -8.28123234791 0.896122386923 1.1713202569 -8.28123234791
0.495794280558 1.20458678708 -14.2371268469 0.495794280558 1.20458678708 -14.2371268469
-1.39675020623 -1.67512148648 -4.94656268896 -1.39675020623 -1.67512148648 -4.94656268896
3.3079034705 -3.06422507156 9.17650985977 3.3079034705 -3.06422507156 9.17650985977
0.656154730279 -0.54997515245 -0.544655851335 0.656154730279 -0.54997515245 -0.544655851335
-2.00507481957 0.811625575047 1.89553796605 -2.00507481957 0.811625575047 1.89553796605
2.83083768778 -0.458256027645 -5.0823713841 2.83083768778 -0.458256027645 -5.0823713841
-3.05571282159 -0.267538862954 -3.94635041942 -3.05571282159 -0.267538862954 -3.94635041942
0.274926456684 -1.26152888415 -5.06167589846 0.274926456684 -1.26152888415 -5.06167589846
-0.724252719417 0.0541653622843 -15.97066194 -0.724252719417 0.0541653622843 -15.97066194
1.48619903846 -2.20719440931 1.74081628689 1.48619903846 -2.20719440931 1.74081628689
1.3500314808 0.63898026309 -6.59779752447 1.3500314808 0.63898026309 -6.59779752447
-0.595606128593 0.130426310568 3.44786574818 -0.595606128593 0.130426310568 3.44786574818
2.10770712776 -0.95285024442 -5.23355645348 2.10770712776 -0.95285024442 -5.23355645348
2.01358181408 1.22994030927 -5.23003465881 2.01358181408 1.22994030927 -5.23003465881
-2.00901738435 0.0943435787835 1.7182180002 -2.00901738435 0.0943435787835 1.7182180002
-1.41469407707 -1.06959905727 5.06022808703 -1.41469407707 -1.06959905727 5.06022808703
-3.85624250695 0.141544121658 -3.72157840842 -3.85624250695 0.141544121658 -3.72157840842
-1.78510425834 0.188785640916 7.00228303347 -1.78510425834 0.188785640916 7.00228303347
-0.65645075676 2.42652136693 -3.52859419899 -0.65645075676 2.42652136693 -3.52859419899
0.303519903456 0.127620360501 8.86053936558 0.303519903456 0.127620360501 8.86053936558
0.908956785934 2.37069664534 -6.52184869915 0.908956785934 2.37069664534 -6.52184869915
-2.1823500955 -3.57214373668 -2.5985509378 -2.1823500955 -3.57214373668 -2.5985509378
0.0632383161138 -0.114535738954 1.68404944768 0.0632383161138 -0.114535738954 1.68404944768
-0.122861958304 -0.135883138776 9.07255361035 -0.122861958304 -0.135883138776 9.07255361035
-1.99410402021 1.66830760866 -7.70190348571 -1.99410402021 1.66830760866 -7.70190348571
0.492486615223 -2.07428359344 -9.43983712266 0.492486615223 -2.07428359344 -9.43983712266
-0.710485151075 -0.850705599674 2.76653431788 -0.710485151075 -0.850705599674 2.76653431788
-0.420336344091 1.13520278812 -3.12110180652 -0.420336344091 1.13520278812 -3.12110180652
-1.47627793614 -0.866464434554 -6.051278846 -1.47627793614 -0.866464434554 -6.051278846
-3.20402455723 0.868989821875 3.75158514771 -3.20402455723 0.868989821875 3.75158514771
3.02211036289 3.05161463348 10.6845700524 3.02211036289 3.05161463348 10.6845700524
-0.958748592281 0.506021502663 -3.75221983008 -0.958748592281 0.506021502663 -3.75221983008
2.56426981439 0.25475315631 -8.04320959362 2.56426981439 0.25475315631 -8.04320959362
2.27013097901 -2.29631398678 -3.96323205556 2.27013097901 -2.29631398678 -3.96323205556
-1.0672640578 1.07640379341 -3.22072552612 -1.0672640578 1.07640379341 -3.22072552612
1.12100860244 0.707231060538 -6.51547019852 1.12100860244 0.707231060538 -6.51547019852
-2.30359496059 1.75003783429 -3.35268814117 -2.30359496059 1.75003783429 -3.35268814117
0.254850764302 -0.0300132823294 -1.38763167745 0.254850764302 -0.0300132823294 -1.38763167745
-0.823583855424 -0.398515555383 3.93354813109 -0.823583855424 -0.398515555383 3.93354813109
1.39476141514 0.96055990141 -6.78902242111 1.39476141514 0.96055990141 -6.78902242111
1.60356568235 0.161330600479 0.632125572816 1.60356568235 0.161330600479 0.632125572816
0.164258161819 -1.12006349591 -9.42645733927 0.164258161819 -1.12006349591 -9.42645733927
0.779658514242 0.802790991479 8.90636193649 0.779658514242 0.802790991479 8.90636193649
-0.209468167019 1.03013816044 1.71325587657 -0.209468167019 1.03013816044 1.71325587657
1.27505190558 -1.50130651554 -1.13680643367 1.27505190558 -1.50130651554 -1.13680643367
1.51161541609 -0.0727763456428 1.10708232725 1.51161541609 -0.0727763456428 1.10708232725
-0.22373465661 1.00534865015 -11.606971937 -0.22373465661 1.00534865015 -11.606971937
0.264922662595 0.744963001364 2.72743633874 0.309352213349 0.784733077204 2.8009177202
4.1246489303 4.16604881575 2.97581967367 4.1246489303 4.16604881575 2.97581967367
2.26497398476 -1.24712246682 -10.0483382762 2.26497398476 -1.24712246682 -10.0483382762
-1.44771022411 1.04211317721 -0.166070321227 -1.44771022411 1.04211317721 -0.166070321227
-1.67312196935 0.482058741773 2.45460220348 -1.67312196935 0.482058741773 2.45460220348
1.09191697952 -0.787701385503 -5.01869088985 1.09191697952 -0.787701385503 -5.01869088985
-1.85136780949 -0.949973945045 -0.924437406831 -1.85136780949 -0.949973945045 -0.924437406831
1.79544321695 -0.812149145589 -3.69935118865 1.79544321695 -0.812149145589 -3.69935118865
-1.88851354466 4.73167373049 5.15529918006 -1.88851354466 4.73167373049 5.15529918006
-1.17684406492 -0.118410145263 0.594991178955 -1.17684406492 -0.118410145263 0.594991178955
-1.43737719774 1.12112271822 7.20440401793 -1.43737719774 1.12112271822 7.20440401793
0.0391631175918 -1.58561316409 -0.0998297683361 0.0391631175918 -1.58561316409 -0.0998297683361
0.903985177621 -0.443703178452 -3.52724176444 0.903985177621 -0.443703178452 -3.52724176444
2.58760660733 0.921312385154 8.37401695395 2.58760660733 0.921312385154 8.37401695395
0.144073513915 -1.27224679174 -4.75668428546 0.144073513915 -1.27224679174 -4.75668428546
1.23995105899 -0.00655234672498 5.98917140614 1.23995105899 -0.00655234672498 5.98917140614
-0.762999350141 -0.929046031459 -8.61347349497 -0.762999350141 -0.929046031459 -8.61347349497
-1.41111408654 2.04995243564 -3.82583323951 -1.41111408654 2.04995243564 -3.82583323951
0.309396379042 -1.26844465234 -9.23842879262 0.309396379042 -1.26844465234 -9.23842879262
1.92658883683 -3.97113134207 -3.97549248434 1.92658883683 -3.97113134207 -3.97549248434
2.50887820877 1.14408390365 -4.39163844756 2.50887820877 1.14408390365 -4.39163844756
0.882766599 1.62067736509 -0.570282579851 0.882766599 1.62067736509 -0.570282579851
1.86853201101 0.0138483677757 2.56739300742 1.86853201101 0.0138483677757 2.56739300742
1.48027581357 2.87664435391 3.36855011625 1.48027581357 2.87664435391 3.36855011625
2.14880443517 0.688158922673 4.85959132731 2.14880443517 0.688158922673 4.85959132731
2.20816566 -0.943117335551 1.69967201206 2.20816566 -0.943117335551 1.69967201206
-1.25484905798 -1.62202190424 9.38010080486 -1.25484905798 -1.62202190424 9.38010080486
-0.539161952772 -0.768968205037 0.501689411904 -0.539161952772 -0.768968205037 0.501689411904
-0.284727296876 -2.03616257411 1.14897746197 -0.284727296876 -2.03616257411 1.14897746197
0.109855421111 1.23479275353 -1.720464227 0.109855421111 1.23479275353 -1.720464227
-0.31201659119 1.55071412917 4.9115172969 -0.31201659119 1.55071412917 4.9115172969
-0.167513663351 0.356437587704 -5.47450909613 -0.167513663351 0.356437587704 -5.47450909613
-0.748288802884 0.617183134903 -8.6366603691 -0.748288802884 0.617183134903 -8.6366603691
1.09478415053 -0.866098416615 5.61708850358 1.09478415053 -0.866098416615 5.61708850358
0.443943876543 1.45798416197 12.7152848049 0.443943876543 1.45798416197 12.7152848049
-0.964111254896 -0.544870190176 4.04889618801 -0.964111254896 -0.544870190176 4.04889618801
1.41693821388 1.15751301747 6.26280717931 1.41693821388 1.15751301747 6.26280717931
-0.436464339213 -0.141509712116 0.514628398311 -0.436464339213 -0.141509712116 0.514628398311
-0.8459862775 -0.0075032991362 0.576871317996 -0.8459862775 -0.0075032991362 0.576871317996
0.275058949355 3.83404318239 -7.00320355855 0.275058949355 3.83404318239 -7.00320355855
-2.25805072305 1.85929372931 -1.22970884601 -2.25805072305 1.85929372931 -1.22970884601
-0.327227359462 -1.59509560225 7.38593627355 -0.327227359462 -1.59509560225 7.38593627355
-0.520197193794 1.89613045989 8.08530673073 -0.520197193794 1.89613045989 8.08530673073
-0.898056414124 -0.639955808926 5.54354276561 -0.898056414124 -0.639955808926 5.54354276561
0.244608959268 -0.186278569589 -2.66311450676 0.244608959268 -0.186278569589 -2.66311450676
-0.268319416121 1.14991850961 -2.08413424176 -0.268319416121 1.14991850961 -2.08413424176
-0.904217683631 1.68355431203 -11.2016756913 -0.904217683631 1.68355431203 -11.2016756913
-3.36567260659 -2.77322734313 3.13270454133 -3.36567260659 -2.77322734313 3.13270454133
1.60207958701 -4.04250163704 9.58155661291 1.60207958701 -4.04250163704 9.58155661291
-0.225142583945 1.32166135653 -1.58717569847 -0.225142583945 1.32166135653 -1.58717569847
1.30732165629 0.638786041173 -5.26752085079 1.30732165629 0.638786041173 -5.26752085079
0.19915304281 -1.11920444731 5.42130812271 0.19915304281 -1.11920444731 5.42130812271
1.22085042259 2.61225463673 1.64583918625 1.22085042259 2.61225463673 1.64583918625
-3.10467986676 -0.709944921904 -4.76841265771 -3.10467986676 -0.709944921904 -4.76841265771
-2.2940547555 -0.449311341243 4.59758445373 -2.2940547555 -0.449311341243 4.59758445373
0.552392595673 0.263561576673 1.09459026408 0.552392595673 0.263561576673 1.09459026408
1.59141656731 -0.890444370261 -4.03967717522 1.59141656731 -0.890444370261 -4.03967717522
2.6726763301 -1.22235474631 -15.6106289985 2.6726763301 -1.22235474631 -15.6106289985
2.19105660554 2.44580827897 -7.34260473319 2.19105660554 2.44580827897 -7.34260473319
-1.40865264485 -0.673658406818 12.910117807 -1.40865264485 -0.673658406818 12.910117807
0.728026126829 -0.913692545652 -6.68189834327 0.728026126829 -0.913692545652 -6.68189834327
-1.47618138803 -0.207391540765 3.88506014115 -1.47618138803 -0.207391540765 3.88506014115
-0.369640821332 4.96834186285 5.44274574993 -0.369640821332 4.96834186285 5.44274574993
-0.436187715254 -2.38303130345 5.68196464625 -0.436187715254 -2.38303130345 5.68196464625
2.24272770072 -1.36896371476 10.4653299491 2.24272770072 -1.36896371476 10.4653299491
0.705166921645 -3.1217540616 9.61494558862 0.705166921645 -3.1217540616 9.61494558862
3.22422815381 0.228243920872 5.45653018757 3.22422815381 0.228243920872 5.45653018757
1.13008790043 1.26758452014 9.16466090725 1.13008790043 1.26758452014 9.16466090725
1.34838895166 -1.53226514545 2.09961408551 1.34838895166 -1.53226514545 2.09961408551
-3.08900440729 1.44877917274 -4.74002045761 -3.08900440729 1.44877917274 -4.74002045761
-0.0170308196557 0.387370233646 -11.5174492599 -0.0170308196557 0.387370233646 -11.5174492599
-0.793750174804 -0.545226486893 8.92975060314 -0.793750174804 -0.545226486893 8.92975060314
3.19278043065 -0.107075637204 0.715387068808 3.19278043065 -0.107075637204 0.715387068808
-1.29184194637 1.93364460576 -3.41320499763 -1.29184194637 1.93364460576 -3.41320499763
-1.92888340923 0.694031921744 2.35535199733 -1.92888340923 0.694031921744 2.35535199733
-1.62203083722 -1.82959839419 1.3552487612 -1.43750655674 -1.8075480163 1.28068424087
-2.28954781449 2.71493309911 -1.74883968809 -2.28954781449 2.71493309911 -1.74883968809
1.9941037358 -1.66673818306 -2.68453702501 1.9941037358 -1.66673818306 -2.68453702501
1.3744282881 -1.03653847685 -2.10602552353 1.3744282881 -1.03653847685 -2.10602552353
-0.253960706875 -0.540023658534 -3.7989969073 -0.253960706875 -0.540023658534 -3.7989969073
-0.0364374450905 -0.448235323737 -5.46553452021 -0.0364374450905 -0.448235323737 -5.46553452021
0.110397926911 1.27108499404 -4.25989508071 0.110397926911 1.27108499404 -4.25989508071
0.96897642151 -1.68194209228 -2.8089513094 0.96897642151 -1.68194209228 -2.8089513094
2.27706145723 -1.31344610196 9.93457778895 2.27706145723 -1.31344610196 9.93457778895
0.874923209084 -0.720183371302 13.3220132675 0.874923209084 -0.720183371302 13.3220132675
-2.26281765079 0.62949034432 -0.0402050072636 -2.26281765079 0.62949034432 -0.0402050072636
2.98684741399 2.34953871811 9.48343727532 2.98684741399 2.34953871811 9.48343727532
0.213423291952 1.52962088298 0.454307966862 0.213423291952 1.52962088298 0.454307966862
-0.890334701137 -0.192422398142 -0.671960080123 -0.890334701137 -0.192422398142 -0.671960080123
-0.983416580699 1.88065730502 12.7993273892 -0.983416580699 1.88065730502 12.7993273892
0.494410776942 -0.978769034208 9.31031398489 0.494410776942 -0.978769034208 9.31031398489
2.12182037399 -1.35254331139 7.54776696207 2.12182037399 -1.35254331139 7.54776696207
2.06997367259 0.823534781904 3.79754737415 2.06997367259 0.823534781904 3.79754737415
-1.33999667904 0.16798194668 -12.8923022365 -1.33999667904 0.16798194668 -12.8923022365
1.01647146447 -0.694887144758 14.3842785219 1.08088601082 -0.663510464591 14.2959996326
-0.965410626474 2.85754113629 9.36940655125 -0.965410626474 2.85754113629 9.36940655125
0.949915660789 -1.32261201488 6.33008434903 0.949915660789 -1.32261201488 6.33008434903
-1.57316680893 0.223146734246 -0.199517176572 -1.57316680893 0.223146734246 -0.199517176572
0.647849613167 3.36924846619 1.74751346859 0.647849613167 3.36924846619 1.74751346859
-1.01912952533 1.81441999261 0.810187219334 -1.01912952533 1.81441999261 0.810187219334
2.04725009548 -1.04183739199 -0.329761399107 2.04725009548 -1.04183739199 -0.329761399107
-2.83263163332 0.993353836784 -1.93091806188 -2.83263163332 0.993353836784 -1.93091806188
-0.143410142409 -2.40705965255 -16.5855280638 -0.143410142409 -2.40705965255 -16.5855280638
-0.849534945299 0.268961979349 -10.3033235908 -0.849534945299 0.268961979349 -10.3033235908
-2.44638826662 1.21381691317 6.28280473486 -2.44638826662 1.21381691317 6.28280473486
-0.0340077833457 -0.141635126422 -5.23638687174 -0.0340077833457 -0.141635126422 -5.23638687174
-1.53580748257 -1.27699426243 4.14129688998 -1.53580748257 -1.27699426243 4.14129688998
0.260808034757 -1.22972157056 -2.85922535204 0.260808034757 -1.22972157056 -2.85922535204
0.481084186726 -0.584672795056 8.18115206996 0.481084186726 -0.584672795056 8.18115206996
-0.24627016714 1.86789408143 8.71739408246 -0.24627016714 1.86789408143 8.71739408246
1.23989494168 -2.0583650993 6.47910146465 1.23989494168 -2.0583650993 6.47910146465
-1.27838203812 -0.0954359360403 13.5441215544 -1.27838203812 -0.0954359360403 13.5441215544
-0.416814111334 -0.338625392749 2.84790733225 -0.416814111334 -0.338625392749 2.84790733225
-2.86170323804 0.00315872296071 5.70731568206 -2.86170323804 0.00315872296071 5.70731568206
-0.104545174514 1.01658137148 2.27202047225 -0.104545174514 1.01658137148 2.27202047225
3.24487490258 -0.595816114408 -10.2845301912 3.24487490258 -0.595816114408 -10.2845301912
2.96280871031 -1.14895316361 -8.45926077166 2.96280871031 -1.14895316361 -8.45926077166
2.81150098451 -1.97766173483 10.9703332955 2.81150098451 -1.97766173483 10.9703332955
0.747791376083 -2.86284580724 -0.554601814814 0.747791376083 -2.86284580724 -0.554601814814
-1.38221500679 1.21584874192 -4.89391840022 -1.38221500679 1.21584874192 -4.89391840022
0.309352213349 0.784733077204 2.8009177202 0.264922662595 0.744963001364 2.72743633874
0.452426476311 -0.0118181162123 5.10194302916 0.452426476311 -0.0118181162123 5.10194302916
-0.412082470098 -0.96596894607 -0.838784805746 -0.412082470098 -0.96596894607 -0.838784805746
-0.676595359622 1.10819272893 -8.04781982187 -0.676595359622 1.10819272893 -8.04781982187
-0.964553793906 0.694752627343 -5.15267296176 -0.964553793906 0.694752627343 -5.15267296176
-0.907276984981 -2.67832012391 -2.50754800753 -0.907276984981 -2.67832012391 -2.50754800753
-2.32404120024 1.91259695333 -6.50584089028 -2.32404120024 1.91259695333 -6.50584089028
-0.644467011279 -0.616241039374 3.03569035773 -0.644467011279 -0.616241039374 3.03569035773
2.52567565519 -0.292400008404 2.44555411963 2.52567565519 -0.292400008404 2.44555411963
0.620746322497 -0.961542368134 -7.11349136667 0.620746322497 -0.961542368134 -7.11349136667
2.98193883662 1.30865438482 -6.28515974023 2.98193883662 1.30865438482 -6.28515974023
0.719427405763 2.2744875364 -8.43797081354 0.719427405763 2.2744875364 -8.43797081354
-0.0693841878423 0.15550895728 -2.79131972975 -0.0693841878423 0.15550895728 -2.79131972975
0.171485557087 1.16292904929 -8.08252798977 0.171485557087 1.16292904929 -8.08252798977
0.141375857704 -2.57162808667 -7.33789454913 0.141375857704 -2.57162808667 -7.33789454913
-0.0149391701726 -0.302254515562 -14.6470307494 -0.0149391701726 -0.302254515562 -14.6470307494
0.517729494062 0.787933872784 9.92062464922 0.517729494062 0.787933872784 9.92062464922
0.369262955837 0.926848074141 -8.31986182849 0.369262955837 0.926848074141 -8.31986182849
-0.841393445468 -4.60846005599 -8.14895297651 -0.841393445468 -4.60846005599 -8.14895297651
-0.269981443436 -0.586996578833 -6.89759395154 -0.269981443436 -0.586996578833 -6.89759395154
0.327186812268 -1.93600331123 -2.46527034156 0.327186812268 -1.93600331123 -2.46527034156
-0.151499978395 0.276923630165 0.67863708816 -0.151499978395 0.276923630165 0.67863708816
0.173741003088 -3.36006513759 -2.79912285307 0.173741003088 -3.36006513759 -2.79912285307
3.21597194518 -1.52967868888 9.79145941035 3.21597194518 -1.52967868888 9.79145941035
0.653285375174 -3.3250419471 -9.04448507022 0.653285375174 -3.3250419471 -9.04448507022
1.01146756362 -0.982021909499 1.50744644717 1.01146756362 -0.982021909499 1.50744644717
-1.18791883135 0.44008932878 -12.3874259605 -1.18791883135 0.44008932878 -12.3874259605
4.35247472355 -1.60161327607 6.82187014024 4.35247472355 -1.60161327607 6.82187014024
-2.52432265369 1.3667326025 0.689263428396 -2.52432265369 1.3667326025 0.689263428396
-0.0744627591422 2.35279659669 1.2353776734 -0.0744627591422 2.35279659669 1.2353776734
0.632220459512 -1.57920841884 2.06198868222 0.632220459512 -1.57920841884 2.06198868222
0.0604147688041 0.227918661827 -1.42125775565 0.0604147688041 0.227918661827 -1.42125775565
-0.672793699388 -1.27403192521 -2.22058156534 -0.672793699388 -1.27403192521 -2.22058156534
1.57602844561 0.557351497404 -4.99703721988 1.57602844561 0.557351497404 -4.99703721988
-0.162212288743 2.36510955493 -3.54132014819 -0.162212288743 2.36510955493 -3.54132014819
0.278999780685 -0.671923529341 -7.63874247501 0.278999780685 -0.671923529341 -7.63874247501
-0.375711838293 -2.18280681934 -3.93251408763 -0.375711838293 -2.18280681934 -3.93251408763
-0.622411349391 0.467396731932 -8.02666205643 -0.622411349391 0.467396731932 -8.02666205643
0.664854579042 0.257253645732 -10.6511753636 0.664854579042 0.257253645732 -10.6511753636
-3.34097010851 -0.293975336472 7.34102862213 -3.34097010851 -0.293975336472 7.34102862213
3.07593717311 0.413408394214 -9.99840246836 3.07593717311 0.413408394214 -9.99840246836
-0.717947776014 -0.859801767441 -10.3219769481 -0.717947776014 -0.859801767441 -10.3219769481
-0.355428470662 0.610790143716 2.91428147792 -0.355428470662 0.610790143716 2.91428147792
1.69368729504 -0.412747546984 -0.811167757893 1.69368729504 -0.412747546984 -0.811167757893
1.06859924829 -0.393777955906 -1.22026442957 1.06859924829 -0.393777955906 -1.22026442957
-1.02788623899 1.55403443408 3.9559297233 -1.02788623899 1.55403443408 3.9559297233
-0.234317953766 0.676926971916 -7.27872156062 -0.234317953766 0.676926971916 -7.27872156062
0.846540033086 -0.396273027524 -6.4451358196 0.846540033086 -0.396273027524 -6.4451358196
1.93487347456 2.89680179644 6.45846349816 1.93487347456 2.89680179644 6.45846349816
-0.307177697368 -4.61487770655 2.91859703461 -0.307177697368 -4.61487770655 2.91859703461
-1.25816793826 -1.90751889954 -6.18623412694 -1.25816793826 -1.90751889954 -6.18623412694
-1.40675376646 -0.185536708219 6.78298197783 -1.40675376646 -0.185536708219 6.78298197783
0.42821984799 -1.67700408013 1.36430631132 0.42821984799 -1.67700408013 1.36430631132
3.05439907152 -1.08246228673 2.93032595847 3.05439907152 -1.08246228673 2.93032595847
1.5771671538 1.02642208784 -4.3142158766 1.5771671538 1.02642208784 -4.3142158766
1.14879615302 -1.19882058321 3.80962127819 1.14879615302 -1.19882058321 3.80962127819
2.15235242587 1.10682971556 -8.29617813253 2.15235242587 1.10682971556 -8.29617813253
0.238709181067 0.93900312931 -0.651294911713 0.238709181067 0.93900312931 -0.651294911713
-1.97811834527 -1.21051106246 -8.68232383634 -1.97811834527 -1.21051106246 -8.68232383634
2.60701683774 -0.898662000574 3.5702470919 2.60701683774 -0.898662000574 3.5702470919
-2.03080184368 -1.81621193775 1.20639095018 -2.03080184368 -1.81621193775 1.20639095018
-0.775304611556 -1.25139956764 -2.00070460322 -0.775304611556 -1.25139956764 -2.00070460322
2.51244724321 3.20398195206 -2.95769396268 2.51244724321 3.20398195206 -2.95769396268
0.0813745701693 -3.14180025825 1.39672878959 0.0813745701693 -3.14180025825 1.39672878959
-3.95788847452 -2.25239053671 -0.91935421935 -3.95788847452 -2.25239053671 -0.91935421935
-1.47148583981 -0.763581807722 7.12021785418 -1.47148583981 -0.763581807722 7.12021785418
-0.863882689432 1.46711645157 5.72599796009 -0.863882689432 1.46711645157 5.72599796009
-0.457705128839 1.59036248111 -5.54852560545 -0.457705128839 1.59036248111 -5.54852560545
2.03368103054 1.56898838989 -2.83211624659 2.03368103054 1.56898838989 -2.83211624659
-0.726872231222 1.38993931784 -11.9273426798 -0.726872231222 1.38993931784 -11.9273426798
-0.277621009571 -1.15245557008 -3.60303006318 -0.277621009571 -1.15245557008 -3.60303006318
1.9060416867 0.229113847859 4.02696494619 1.9060416867 0.229113847859 4.02696494619
-0.766727549222 3.40122468784 2.77619415382 -0.766727549222 3.40122468784 2.77619415382
0.19042940832 0.0734808042688 -0.1594222303 0.19042940832 0.0734808042688 -0.1594222303
-0.651502216421 0.531342045828 -1.23033718347 -0.651502216421 0.531342045828 -1.23033718347
1.50965644289 -2.58217192585 -8.88278056015 1.50965644289 -2.58217192585 -8.88278056015
-1.52506003261 3.12061981697 1.88974955682 -1.52506003261 3.12061981697 1.88974955682
1.72581733198 1.02510579672 6.08167566713 1.72581733198 1.02510579672 6.08167566713
-2.45710321632 -0.421271021605 -7.81829634662 -2.45710321632 -0.421271021605 -7.81829634662
-2.30929136851 0.0808814356387 2.363955453 -2.30929136851 0.0808814356387 2.363955453
2.04072079052 1.10495847462 -12.5500592104 2.04072079052 1.10495847462 -12.5500592104
-0.624828157843 -0.265422142096 -7.85812024206 -0.624828157843 -0.265422142096 -7.85812024206
-1.3014044412 -1.43937437527 -15.0513436271 -1.3014044412 -1.43937437527 -15.0513436271
1.12507535493 0.621640811833 -11.9186145644 1.12507535493 0.621640811833 -11.9186145644
-1.21566650383 -0.821476293688 5.95862497922 -1.21566650383 -0.821476293688 5.95862497922
-2.94250106382 1.29169409786 8.21017996252 -2.94250106382 1.29169409786 8.21017996252
-0.822063550058 -0.856511519724 9.38541706054 -0.822063550058 -0.856511519724 9.38541706054
0.290739313997 1.81274289989 4.95952846208 0.290739313997 1.81274289989 4.95952846208
-2.11795904354 1.90022359422 -2.98737429982 -2.11795904354 1.90022359422 -2.98737429982
3.05133401736 2.17846492947 6.26156322502 3.05133401736 2.17846492947 6.26156322502
1.77255293619 2.08061575283 -5.6682227104 1.77255293619 2.08061575283 -5.6682227104
-3.0049312672 2.14086539564 3.64190113439 -3.0049312672 2.14086539564 3.64190113439
3.05394193389 -3.17675821483 2.53933984049 3.05394193389 -3.17675821483 2.53933984049
-4.18161426467 -0.867268120922 1.49891531168 -4.18161426467 -0.867268120922 1.49891531168
1.09569324868 -0.556795840908 14.9230621063 1.09569324868 -0.556795840908 14.9230621063
